START 0.3 0.25
GUARD 0.3 0.25 1.8486100924779458e-05
START 0.3 0.5
GUARD 0.3 0.5 1.9040974203553193e-05
START 0.3 0.75
GUARD 0.3 0.75 2.0569921662519012e-05
START 1.0 0.25
GUARD 1.0 0.25 1.0010974124114388e-05
START 1.0 0.5
GUARD 1.0 0.5 1.0046207921744194e-05
START 1.0 0.75
GUARD 1.0 0.75 1.0092854134035883e-05
START 3.0 0.25
GUARD 3.0 0.25 5.775393478364344e-06
START 3.0 0.5
GUARD 3.0 0.5 5.78140925611918e-06
START 3.0 0.75
GUARD 3.0 0.75 5.7942094045114285e-06
{"runs": 9, "successful": 0, "boundary_w": [0.3046541644334579, 0.5595008178384043, 0.7778664304605418, 0.25608990264003967, 0.5103275049051136, 0.7587190516773626, 0.25184612408881757, 0.5032274244651791, 0.7539547017112034], "refinement": {}}
