NGC 0012  8.56 0.02  0.015 0.042  0.0011 0.0032 0.033 7.74 0.04 -0.008 0.087 -0.0006 0.0066 0.068
NGC 0055  8.04 0.05 -0.053 0.094 -0.0059 0.0104 0.075 6.50 0.07 -0.037 0.131 -0.0042 0.0145 0.091
NGC 0099  8.55 0.04 -0.319 0.072 -0.0202 0.0045 0.055 7.70 0.07 -0.666 0.137 -0.0422 0.0087 0.105
NGC 0224  8.72 0.02 -0.352 0.039 -0.0172 0.0019 0.077 8.17 0.04 -0.996 0.072 -0.0486 0.0035 0.136
NGC 0234  8.65 0.01 -0.154 0.022 -0.0109 0.0015 0.027 7.91 0.02 -0.329 0.046 -0.0234 0.0033 0.058
NGC 0253  8.55 0.13 -0.125 0.164 -0.0090 0.0119 0.055 7.60 0.35 -0.241 0.441 -0.0174 0.0319 0.149
NGC 0300  8.51 0.02 -0.519 0.040 -0.0842 0.0065 0.069 7.47 0.04 -0.955 0.080 -0.1548 0.0129 0.130
NGC 0428  8.20 0.06 -0.035 0.109 -0.0040 0.0124 0.059 6.95 0.11 -0.118 0.184 -0.0135 0.0210 0.099
NGC 0450  8.35 0.03 -0.285 0.057 -0.0340 0.0067 0.046 7.24 0.06 -0.589 0.112 -0.0702 0.0133 0.092
NGC 0493  8.51 0.04 -0.450 0.070 -0.0393 0.0061 0.053 7.53 0.07 -0.893 0.124 -0.0780 0.0109 0.093
NGC 0575  8.58 0.01 -0.195 0.026 -0.0189 0.0025 0.026 7.82 0.03 -0.530 0.061 -0.0514 0.0059 0.060
NGC 0598  8.48 0.02 -0.359 0.041 -0.0459 0.0053 0.073 7.47 0.04 -0.691 0.084 -0.0883 0.0107 0.145
NGC 0628  8.78 0.01 -0.572 0.027 -0.0379 0.0018 0.060 8.17 0.03 -1.292 0.064 -0.0856 0.0042 0.137
NGC 0753  8.67 0.08 -0.212 0.106 -0.0087 0.0043 0.065 8.01 0.20 -0.399 0.290 -0.0163 0.0118 0.177
NGC 0783  8.68 0.07 -0.189 0.104 -0.0118 0.0056 0.031 7.91 0.30 -0.274 0.434 -0.0171 0.0272 0.130
NGC 0925  8.48 0.02 -0.473 0.037 -0.0334 0.0026 0.067 7.45 0.04 -0.941 0.071 -0.0665 0.0050 0.128
NGC 1055  8.62 0.04 -0.140 0.100 -0.0088 0.0063 0.059 7.89 0.05 -0.414 0.118 -0.0261 0.0074 0.070
NGC 1058  8.62 0.01 -0.352 0.027 -0.0757 0.0058 0.055 7.72 0.03 -0.751 0.069 -0.1613 0.0149 0.137
NGC 1068  8.64 0.02 -0.121 0.051 -0.0116 0.0049 0.070 7.94 0.04 -0.141 0.100 -0.0136 0.0096 0.126
NGC 1090  8.61 0.03 -0.284 0.103 -0.0137 0.0050 0.026 7.89 0.04 -0.775 0.131 -0.0373 0.0063 0.033
NGC 1097  8.74 0.01 -0.357 0.054 -0.0159 0.0024 0.030 8.25 0.05 -0.997 0.209 -0.0445 0.0093 0.114
NGC 1232  8.78 0.04 -0.573 0.068 -0.0253 0.0030 0.040 8.12 0.10 -1.166 0.172 -0.0515 0.0076 0.103
NGC 1313  8.21 0.03 -0.159 0.051 -0.0273 0.0087 0.071 6.84 0.05 -0.269 0.096 -0.0462 0.0165 0.132
NGC 1365  8.64 0.02 -0.253 0.033 -0.0079 0.0010 0.064 7.91 0.04 -0.622 0.080 -0.0193 0.0024 0.137
NGC 1512  8.79 0.03 -0.461 0.048 -0.0374 0.0039 0.066 8.42 0.05 -1.410 0.083 -0.1144 0.0067 0.115
NGC 1598  8.74 0.03 -0.402 0.062 -0.0343 0.0053 0.042 8.20 0.09 -1.014 0.178 -0.0865 0.0152 0.122
NGC 1637  8.64 0.01 -0.115 0.023 -0.0165 0.0034 0.062 7.78 0.03 -0.170 0.067 -0.0236 0.0096 0.160
NGC 1642  8.64 0.01 -0.154 0.024 -0.0094 0.0015 0.030 7.86 0.02 -0.244 0.050 -0.0148 0.0031 0.062
NGC 1672  8.67 0.02 -0.216 0.070 -0.0135 0.0044 0.055 8.00 0.05 -0.464 0.158 -0.0290 0.0098 0.119
NGC 2336  8.80 0.04 -0.390 0.056 -0.0156 0.0022 0.041 8.14 0.08 -0.725 0.121 -0.0290 0.0049 0.088
NGC 2403  8.48 0.02 -0.524 0.043 -0.0538 0.0044 0.079 7.47 0.03 -1.005 0.069 -0.1032 0.0071 0.128
NGC 2441  8.54 0.01  0.017 0.040  0.0011 0.0027 0.036 7.67 0.03  0.100 0.080  0.0068 0.0054 0.072
NGC 2442  8.64 0.05 -0.079 0.072 -0.0058 0.0052 0.030 7.87 0.14 -0.119 0.204 -0.0087 0.0150 0.087
NGC 2541  8.45 0.02 -0.608 0.053 -0.0526 0.0046 0.030 0.00 0.00  0.000 0.000  0.0000 0.0000 0.000
NGC 2805  8.51 0.03 -0.432 0.045 -0.0168 0.0017 0.040 7.53 0.06 -0.869 0.096 -0.0338 0.0037 0.087
NGC 2835  8.50 0.04 -0.314 0.060 -0.0324 0.0062 0.057 7.51 0.10 -0.633 0.149 -0.0652 0.0154 0.142
NGC 2841  8.99 0.08 -0.607 0.172 -0.0363 0.0103 0.022 8.81 0.20 -1.488 0.450 -0.0890 0.0269 0.052
NGC 2903  8.82 0.03 -0.523 0.072 -0.0321 0.0044 0.061 8.51 0.06 -1.588 0.152 -0.0975 0.0093 0.121
NGC 2997  8.80 0.06 -0.502 0.121 -0.0318 0.0076 0.060 8.44 0.13 -1.503 0.274 -0.0950 0.0173 0.129
NGC 3020  8.39 0.02 -0.558 0.041 -0.0554 0.0041 0.011 7.27 0.07 -1.053 0.167 -0.1045 0.0167 0.045
NGC 3023  8.34 0.08 -0.444 0.201 -0.0361 0.0163 0.054 7.20 0.14 -0.889 0.372 -0.0722 0.0302 0.100
NGC 3031  8.58 0.02 -0.156 0.045 -0.0110 0.0032 0.043 7.84 0.06 -0.464 0.116 -0.0327 0.0081 0.110
NGC 3184  8.66 0.02 -0.176 0.037 -0.0130 0.0027 0.066 7.86 0.04 -0.338 0.086 -0.0249 0.0063 0.137
NGC 3198  8.60 0.04 -0.425 0.076 -0.0237 0.0042 0.063 7.94 0.11 -1.145 0.317 -0.0638 0.0176 0.091
NGC 3227  8.64 0.05 -0.254 0.077 -0.0158 0.0048 0.056 0.00 0.00  0.000 0.000  0.0000 0.0000 0.000
NGC 3239  8.12 0.01 -0.153 0.012 -0.0260 0.0021 0.005 6.78 0.04 -0.275 0.064 -0.0467 0.0108 0.026
NGC 3310  8.37 0.01 -0.101 0.023 -0.0117 0.0027 0.040 7.27 0.02 -0.254 0.060 -0.0295 0.0070 0.104
NGC 3319  8.50 0.02 -0.516 0.043 -0.0408 0.0034 0.024 0.00 0.00  0.000 0.000  0.0000 0.0000 0.000
NGC 3344  8.72 0.02 -0.618 0.039 -0.0984 0.0063 0.029 8.08 0.17 -1.413 0.252 -0.2254 0.0407 0.044
NGC 3351  8.82 0.01 -0.210 0.031 -0.0186 0.0027 0.038 8.51 0.03 -0.678 0.094 -0.0599 0.0083 0.116
NGC 3359  8.40 0.06 -0.271 0.108 -0.0179 0.0071 0.099 7.43 0.09 -0.688 0.154 -0.0453 0.0102 0.130
NGC 3486  8.60 0.02 -0.421 0.043 -0.0447 0.0046 0.018 7.80 0.04 -0.928 0.088 -0.0985 0.0094 0.036
NGC 3521  8.83 0.04 -0.666 0.096 -0.0390 0.0056 0.048 0.00 0.00  0.000 0.000  0.0000 0.0000 0.000
NGC 3621  8.68 0.02 -0.460 0.035 -0.0446 0.0034 0.050 8.05 0.05 -1.298 0.095 -0.1260 0.0092 0.133
NGC 3631  8.71 0.03 -0.414 0.077 -0.0256 0.0048 0.024 7.94 0.05 -0.719 0.145 -0.0445 0.0090 0.046
NGC 3718  8.60 0.19 -0.221 0.253 -0.0119 0.0136 0.066 0.00 0.00  0.000 0.000  0.0000 0.0000 0.000
NGC 3820  8.64 0.01 -0.102 0.019 -0.0116 0.0022 0.019 7.92 0.05 -0.342 0.093 -0.0389 0.0105 0.092
NGC 3893  8.73 0.16 -0.437 0.254 -0.0371 0.0215 0.028 0.00 0.00  0.000 0.000  0.0000 0.0000 0.000
NGC 3938  8.79 0.05 -0.577 0.092 -0.0413 0.0066 0.031 8.15 0.07 -1.204 0.141 -0.0861 0.0101 0.048
NGC 4030  8.77 0.02 -0.258 0.036 -0.0156 0.0022 0.010 8.05 0.08 -0.344 0.177 -0.0208 0.0107 0.052
NGC 4088  8.71 0.04 -0.366 0.093 -0.0305 0.0078 0.025 7.97 0.06 -0.698 0.116 -0.0582 0.0097 0.032
NGC 4109  8.63 0.03 -0.402 0.099 -0.0269 0.0066 0.056 7.87 0.05 -1.152 0.154 -0.0770 0.0103 0.081
NGC 4254  8.77 0.02 -0.353 0.034 -0.0316 0.0031 0.036 8.09 0.05 -0.716 0.100 -0.0641 0.0090 0.106
NGC 4258  8.54 0.03 -0.161 0.073 -0.0083 0.0037 0.031 7.59 0.13 -0.232 0.282 -0.0119 0.0144 0.120
NGC 4303  8.78 0.03 -0.577 0.073 -0.0452 0.0057 0.062 8.24 0.08 -1.370 0.189 -0.1073 0.0148 0.156
NGC 4321  8.74 0.03 -0.219 0.048 -0.0118 0.0026 0.038 8.04 0.06 -0.355 0.104 -0.0192 0.0056 0.083
NGC 4395  8.19 0.05 -0.164 0.082 -0.0200 0.0100 0.079 6.89 0.08 -0.346 0.143 -0.0420 0.0174 0.136
NGC 4490  8.29 0.08 -0.318 0.254 -0.0444 0.0355 0.058 7.09 0.15 -0.560 0.449 -0.0781 0.0629 0.102
NGC 4501  8.92 0.12 -0.424 0.242 -0.0299 0.0171 0.054 0.00 0.00  0.000 0.000  0.0000 0.0000 0.000
NGC 4535  8.71 0.03 -0.299 0.064 -0.0163 0.0035 0.025 7.97 0.03 -0.594 0.055 -0.0324 0.0030 0.022
NGC 4559  8.53 0.03 -0.573 0.056 -0.0467 0.0046 0.047 0.00 0.00  0.000 0.000  0.0000 0.0000 0.000
NGC 4625  8.58 0.01 -0.130 0.044 -0.0443 0.0151 0.042 7.84 0.05 -0.680 0.143 -0.2318 0.0488 0.127
NGC 4631  8.39 0.06 -0.333 0.125 -0.0194 0.0073 0.077 7.18 0.09 -0.480 0.169 -0.0280 0.0098 0.093
NGC 4651  8.68 0.04 -0.469 0.096 -0.0343 0.0070 0.049 8.02 0.10 -1.133 0.233 -0.0829 0.0170 0.119
NGC 4654  8.66 0.04 -0.364 0.083 -0.0318 0.0073 0.044 7.90 0.11 -0.797 0.229 -0.0695 0.0200 0.120
NGC 4656  8.06 0.16 -0.551 0.280 -0.0305 0.0155 0.084 6.62 0.24 -0.634 0.409 -0.0351 0.0227 0.123
NGC 4713  8.53 0.09 -0.771 0.250 -0.1325 0.0428 0.095 7.60 0.14 -1.548 0.397 -0.2662 0.0679 0.150
NGC 4725  8.83 0.37 -0.472 0.853 -0.0223 0.0404 0.070 0.00 0.00  0.000 0.000  0.0000 0.0000 0.000
NGC 4736  8.57 0.03 -0.066 0.170 -0.0086 0.0224 0.065 0.00 0.00  0.000 0.000  0.0000 0.0000 0.000
NGC 4861  8.00 0.06 -0.013 0.092 -0.0030 0.0210 0.090 6.54 0.13 -0.058 0.200 -0.0132 0.0454 0.193
NGC 5033  8.64 0.06 -0.278 0.094 -0.0095 0.0032 0.090 8.00 0.10 -0.599 0.130 -0.0206 0.0045 0.072
NGC 5055  8.87 0.02 -0.490 0.031 -0.0337 0.0021 0.007 8.42 0.10 -1.259 0.186 -0.0867 0.0129 0.044
NGC 5068  8.57 0.04 -0.355 0.098 -0.0626 0.0173 0.050 7.53 0.11 -0.451 0.263 -0.0794 0.0463 0.134
NGC 5194  8.88 0.03 -0.324 0.053 -0.0223 0.0037 0.062 8.52 0.05 -0.704 0.102 -0.0484 0.0070 0.117
NGC 5236  8.78 0.01 -0.221 0.028 -0.0256 0.0032 0.050 8.34 0.03 -0.649 0.058 -0.0752 0.0068 0.104
NGC 5248  8.64 0.03 -0.142 0.076 -0.0069 0.0037 0.072 7.74 0.05 -0.132 0.155 -0.0064 0.0075 0.146
NGC 5457  8.71 0.01 -0.840 0.029 -0.0293 0.0010 0.076 8.01 0.03 -1.760 0.056 -0.0613 0.0020 0.142
NGC 5474  8.19 0.02 -0.008 0.086 -0.0019 0.0182 0.100 6.82 0.03 -0.261 0.144 -0.0553 0.0303 0.156
NGC 5668  8.52 0.03 -0.471 0.061 -0.0364 0.0047 0.075 7.48 0.05 -1.032 0.127 -0.0796 0.0098 0.147
NGC 6384  8.87 0.04 -0.531 0.068 -0.0228 0.0029 0.029 8.41 0.12 -1.172 0.197 -0.0504 0.0084 0.083
NGC 6691  8.66 0.02 -0.152 0.052 -0.0077 0.0026 0.050 7.98 0.06 -0.414 0.157 -0.0211 0.0080 0.142
NGC 6744  8.88 0.03 -0.726 0.060 -0.0266 0.0022 0.034 8.66 0.07 -1.996 0.157 -0.0731 0.0057 0.087
NGC 6946  8.72 0.06 -0.337 0.099 -0.0337 0.0099 0.061 8.05 0.15 -0.751 0.237 -0.0751 0.0237 0.148
NGC 7331  8.67 0.08 -0.222 0.193 -0.0097 0.0084 0.044 7.75 0.09 -0.056 0.213 -0.0024 0.0092 0.048
NGC 7495  8.61 0.01 -0.260 0.027 -0.0140 0.0015 0.028 7.83 0.02 -0.616 0.062 -0.0333 0.0033 0.064
NGC 7518  8.74 0.02 -0.127 0.045 -0.0122 0.0043 0.034 8.30 0.07 -0.514 0.136 -0.0496 0.0131 0.104
NGC 7529  8.64 0.04 -0.232 0.067 -0.0303 0.0087 0.040 7.97 0.13 -0.752 0.223 -0.0979 0.0290 0.133
NGC 7570  8.58 0.03 -0.086 0.045 -0.0217 0.0114 0.029 7.78 0.06 -0.219 0.106 -0.0549 0.0265 0.068
NGC 7591  8.71 0.01 -0.146 0.029 -0.0085 0.0017 0.024 8.13 0.06 -0.400 0.114 -0.0234 0.0066 0.093
NGC 7678  8.55 0.04 -0.079 0.078 -0.0048 0.0047 0.030 7.64 0.14 -0.081 0.248 -0.0049 0.0149 0.094
NGC 7793  8.50 0.02 -0.305 0.048 -0.0662 0.0104 0.071 7.52 0.05 -0.752 0.095 -0.1631 0.0207 0.135
IC 0010   8.14 0.08  0.252 0.185  0.4294 0.3025 0.094 6.90 0.15  0.355 0.338  0.6035 0.5534 0.165
IC 0193   8.59 0.02 -0.139 0.064 -0.0083 0.0039 0.039 7.80 0.05 -0.306 0.151 -0.0183 0.0090 0.092
IC 0208   8.58 0.01 -0.168 0.035 -0.0165 0.0034 0.036 7.78 0.03 -0.422 0.083 -0.0416 0.0082 0.086
IC 0342   8.83 0.04 -0.513 0.087 -0.0500 0.0085 0.045 8.46 0.07 -1.465 0.131 -0.1426 0.0128 0.068
IC 1132   8.65 0.03 -0.390 0.059 -0.0323 0.0049 0.077 7.69 0.06 -0.598 0.106 -0.0495 0.0087 0.128
IC 2204   8.62 0.01 -0.160 0.033 -0.0159 0.0033 0.024 7.89 0.03 -0.387 0.086 -0.0384 0.0086 0.064
IC 5201   8.35 0.07 -0.501 0.147 -0.0316 0.0093 0.074 7.19 0.12 -0.908 0.242 -0.0573 0.0153 0.122
IC 5309   8.70 0.03 -0.058 0.066 -0.0059 0.0067 0.059 8.08 0.09 -0.211 0.206 -0.0215 0.0210 0.170
UGC 00223 8.53 0.02 -0.099 0.053 -0.0105 0.0057 0.029 7.72 0.06 -0.295 0.152 -0.0313 0.0162 0.084
UGC 01087 8.60 0.01 -0.246 0.023 -0.0192 0.0018 0.026 7.83 0.03 -0.609 0.058 -0.0475 0.0045 0.066
UGC 01862 8.43 0.02 -0.094 0.039 -0.0194 0.0081 0.040 7.42 0.04 -0.316 0.090 -0.0651 0.0186 0.092
UGC 02023 8.13 0.19 -0.088 0.280 -0.0358 0.1128 0.075 6.84 0.29 -0.197 0.434 -0.0800 0.1752 0.115
UGC 02216 8.08 0.02 -0.068 0.052 -0.0099 0.0077 0.024 6.72 0.04 -0.124 0.094 -0.0181 0.0137 0.041
UGC 02345 8.04 0.03 -0.893 0.085 -0.0885 0.0084 0.041 6.63 0.11 -0.846 0.255 -0.0838 0.0253 0.131
UGC 03701 8.41 0.01 -0.087 0.046 -0.0076 0.0040 0.042 7.41 0.03 -0.329 0.102 -0.0288 0.0089 0.092
UGC 04107 8.56 0.01 -0.231 0.041 -0.0219 0.0039 0.045 7.72 0.03 -0.498 0.087 -0.0470 0.0083 0.096
UGC 04305 7.89 0.07 -0.225 0.137 -0.0573 0.0352 0.075 6.41 0.13 -0.307 0.246 -0.0784 0.0629 0.139
UGC 05100 8.58 0.05 -0.078 0.075 -0.0056 0.0053 0.047 7.90 0.13 -0.220 0.204 -0.0156 0.0145 0.119
UGC 06410 8.58 0.02 -0.148 0.040 -0.0113 0.0031 0.057 7.78 0.05 -0.454 0.093 -0.0345 0.0071 0.123
UGC 08091 7.58 0.04  0.177 0.067  0.5487 0.2003 0.055 6.03 0.08  0.255 0.129  0.7891 0.3905 0.108
UGC 09562 8.22 0.05 -0.193 0.143 -0.0585 0.0433 0.080 6.80 0.06 -0.206 0.144 -0.0626 0.0437 0.068
UGC 09837 8.45 0.02 -0.412 0.076 -0.0370 0.0068 0.078 7.32 0.04 -0.820 0.140 -0.0738 0.0126 0.141
UGC 10445 8.27 0.04 -0.082 0.077 -0.0103 0.0096 0.050 7.03 0.08 -0.197 0.141 -0.0246 0.0176 0.091
UGC 12709 8.47 0.08 -0.706 0.218 -0.0434 0.0134 0.082 7.30 0.15 -1.089 0.418 -0.0669 0.0257 0.157
PGC 29167 8.34 0.10  0.152 0.169  0.0507 0.0565 0.040 7.25 0.01  0.005 0.020  0.0017 0.0065 0.005
PGC 41318 8.45 0.04 -0.168 0.143 -0.0281 0.0239 0.033 7.28 0.17 -0.563 0.568 -0.0941 0.0945 0.130
PGC 44772 8.59 0.03 -0.268 0.045 -0.0216 0.0036 0.043 7.79 0.07 -0.705 0.115 -0.0569 0.0093 0.109
PGC 45195 8.14 0.04 -0.152 0.059 -0.0122 0.0047 0.035 6.81 0.08 -0.277 0.104 -0.0223 0.0084 0.061
PGC 46182 8.59 0.03 -0.126 0.078 -0.0089 0.0055 0.035 7.92 0.11 -0.462 0.313 -0.0327 0.0221 0.141
