NGC 0012  Sc    4.9   2.486458   4.612528  0.85  125 27  1  53.20  2 13.14
NGC 0055  SBm   8.8   3.723333 -39.196639 16.18  110 79  3   1.91  4  8.99
NGC 0099  Sc    5.9   5.997470  15.770428  0.71    0 24  1  77.00  5 15.82
NGC 0224  Sb    3.0  10.684792  41.269065 95.27   35 77  6   0.74  7 20.51
NGC 0234  SABc  5.3  10.884977  14.342564  0.81    0  0  1  59.60  2 14.06
NGC 0253  SABc  5.1  11.888000 -25.288219 13.77   50 76  8   3.46  9 13.86
NGC 0300  Scd   6.9  13.722833 -37.684389 10.94  106 42 10   1.94  4  6.17
NGC 0428  SABm  8.6  18.232125   0.981557  2.04  120 41  1  14.80 11  8.77
NGC 0450  SABc  5.8  18.876840  -0.860974  1.54   72 41  1  18.70 11  8.40
NGC 0493  Sc    5.9  20.537458   0.945362  1.69   58 72  1  23.20 11 11.43
NGC 0575  Sc    5.3  22.694333  21.440417  0.85    0 21  1  41.80  2 10.32
NGC 0598  Sc    5.9  23.462042  30.660222 35.40   23 56 12   0.76  4  7.83
NGC 0628  Sc    5.2  24.173946  15.783661  5.24   25  6 13   9.91 14 15.09
NGC 0753  SABc  4.9  29.425833  35.916125  1.26  128 50 15  67.10 16 24.52
NGC 0783  Sc    5.3  30.277542  31.882472  0.79   35 27  1  69.30  2 15.98
NGC 0925  Scd   7.0  36.820333  33.579167  5.24  101 58 17   9.29 18 14.15
NGC 1055  SBb   3.1  40.438458   0.443168  3.79  105 69  1  14.40 11 15.89
NGC 1058  Sc    5.1  40.874988  37.341339  1.51  145 15 19  10.60 20  4.66
NGC 1068  Sb    3.0  40.669629  -0.013281  3.54   70 32  1  10.10 11 10.40
NGC 1090  Sbc   3.8  41.641401  -0.247158  1.99  102 64  1  35.90 16 20.79
NGC 1097  SBb   3.3  41.579375 -30.274889  4.67  134 46 21  16.50  2 22.40
NGC 1232  SABc  5.0  47.439625 -20.579306  3.71   90 30 22  21.00  2 22.64
NGC 1313  SBcd  7.0  49.566875 -66.498250  4.56    4 38 23   4.39 24  5.82
NGC 1365  Sb    3.2  53.401546 -36.140403  5.61   42 46 25  19.60 18 32.00
NGC 1512  Sa    1.1  60.976167 -43.348861  4.46   80 35 26   9.50 27 12.32
NGC 1598  SBc   4.9  67.140292 -47.782556  0.72  123 55  1  55.80 16 11.73
NGC 1637  Sc    5.0  70.367408  -2.857961  1.99   31 40 19  12.00 18  6.95
NGC 1642  Sc    5.2  70.728792   0.618583  0.91  175 29  1  62.10  2 16.43
NGC 1672  Sb    3.3  71.427125 -59.247278  3.30  170 34  1  16.70  2 16.05
NGC 2336  Sbc   4.0 111.766875  80.178083  2.51a 175 55 28  34.20  2 24.95
NGC 2403  SABc  6.0 114.214167  65.602556 10.94  126 58 29   3.06 18  9.74
NGC 2441  SABb  3.3 117.978083  73.015694  1.00    0 29  1  50.90  2 14.77
NGC 2442  Sbc   3.7 114.099333 -69.530833  2.75   27 29 30  17.10 31 13.67
NGC 2541  SABc  6.0 123.667148  49.061709  3.16  165 60  1  12.60 18 11.56
NGC 2805  SABc  6.9 140.085042  64.102778  3.16  125 41  1  28.00 31 25.70
NGC 2835  Sc    5.0 139.470458 -22.354667  3.30  160 45 32  10.10 16  9.71
NGC 2841  Sb    3.0 140.510975  50.976519  4.06  150 66 33  14.10 18 16.67
NGC 2903  SABb  4.0 143.042125  21.500833  6.30   22 65 34   8.90 35 16.30
NGC 2997  SABc  5.1 146.411625 -31.191083  4.46  107 32 36  12.20 36 15.82
NGC 3020  Sc    5.9 147.527500  12.813639  1.58  105 60  1  21.90 11 10.07
NGC 3023  SABc  5.5 147.469112   0.618167  1.44   70 60  1  29.40  2 12.33
NGC 3031  Sab   2.4 148.888221  69.065295 13.46  150 59 37   3.63 18 14.21
NGC 3184  SABc  5.9 154.570258  41.424053  3.71  135 21  1  12.60 14 13.59
NGC 3198  Sc    5.2 154.978966  45.549623  4.26   35 67  1  14.50 18 17.95
NGC 3227  SABa  1.5 155.877412  19.865050  2.68  155 47  1  20.60 31 16.09
NGC 3239  IB    9.8 156.270375  17.163583  2.51   80 49 38   8.10 31  5.90
NGC 3310  SABb  4.0 159.691083  53.503383  1.54  163 39 39  19.20  2  8.63
NGC 3319  SBc   6.0 159.789414  41.686675  3.08   37 57  1  14.10 18 12.64
NGC 3344  Sbc   4.0 160.879792  24.922222  3.54  156 25 40   6.10 31  6.28
NGC 3351  Sb    3.1 160.990417  11.703806  3.71   13 42 26  10.50 18 11.32
NGC 3359  Sc    5.2 161.653596  63.224236  3.62  172 51 41  14.40 42 15.17
NGC 3486  Sc    5.2 165.099452  28.975137  3.54   80 42  1   9.16  2  9.43
NGC 3521  SABb  4.0 166.452421  -0.035864  5.48  160 73 37  10.70 43 17.06
NGC 3621  SBcd  6.9 169.568792 -32.814056  4.89b 165 65 37   7.24 18 10.29
NGC 3631  Sc    5.2 170.261976  53.169569  2.51  152 20 86  22.2   2 16.18
NGC 3718  Sa    1.1 173.145221  53.067922  3.77c  15 65 44  17.00 31 18.63
NGC 3820  Sbc   3.6 175.520442  10.384253  0.33   26 42 45  91.30  2  8.77
NGC 3893  SABc  5.2 177.159125  48.710833  2.23  165 52  1  18.20 11 11.82
NGC 3938  Sc    5.2 178.206042  44.120722  2.68   15 24  1  17.90 46 13.98
NGC 4030  Sbc   4.0 180.098445  -1.100095  2.08   27 44  1  27.20 11 16.49
NGC 4088  SABc  4.7 181.392458  50.539028  2.88   43 67  1  14.30 11 11.97
NGC 4109  Sa    1.1 181.713008  42.995642  0.50  147 44 45 102.80  2 14.95
NGC 4254  Sc    5.2 184.706683  14.416508  2.68   59 29 19  14.30 16 11.17
NGC 4258  SABb  4.0 184.739600  47.303972  9.31  150 72 47   7.20 48 19.50
NGC 4303  Sbc   4.0 185.478729   4.473647  3.23  137 27 19  13.60  2 12.77
NGC 4321  SABb  4.1 185.728462  15.821817  3.71   30 32  1  17.20 18 18.55
NGC 4395  Sm    8.9 186.453592  33.546928  6.59  147 46 49   4.30 50  8.24
NGC 4490  SBcd  7.0 187.650996  41.643898  3.16  125 61  1   7.80 31  7.16
NGC 4501  Sb    3.3 187.996503  14.420387  3.46  141 63 51  14.10 52 14.19
NGC 4535  Sc    5.0 188.584625   8.197750  3.54    0 45  1  17.80 18 18.33
NGC 4559  Sc    6.0 188.990195  27.959992  5.36  143 67 53   7.87 16 12.27
NGC 4625  SABm  8.8 190.469671  41.273964  1.09  130 27 54   9.20 18  2.93
NGC 4631  SBcd  6.6 190.533375  32.541500  7.74   86 80  1   7.62 55 17.17
NGC 4651  Sc    5.2 190.927625  16.393389  1.99   78 48 19  23.60 56 13.67
NGC 4654  Sc    5.9 190.985750  13.126681  2.45  122 57 19  16.10 16 11.47
NGC 4656  SBm   9.0 190.990531  32.168150  7.57   33 79  1   8.20  2 18.05
NGC 4713  Scd   6.8 192.491139   5.311405  1.35   50 35 57  14.90 11  5.83
NGC 4725  SABa  2.2 192.610755  25.500805  5.36   35 45  1  13.50 18 21.04
NGC 4736  Sab   2.4 192.721088  41.120458  5.61  116 37 58   4.66 24  7.60
NGC 4861  Sm    8.9 194.759754  34.859444  1.99   23 69 59   7.59 11  4.40
NGC 5033  Sc    5.1 198.364441  36.569936  5.36  170 62  1  18.70 16 29.14
NGC 5055  Sbc   4.0 198.955542  42.029278  6.30  101 64 33   7.94 11 14.54
NGC 5068  Sc    6.0 199.728375 -21.039111  3.62  110 29  1   5.40 60  5.69
NGC 5194  Sbc   4.0 202.469629  47.195172  5.61  163 52  1   8.90 61 14.52
NGC 5236  Sc    5.0 204.253958 -29.865417  6.44   46 24 58   4.61 18  8.64
NGC 5248  SABb  4.0 204.383433   8.885178  3.08  110 44  1  22.90  2 20.54
NGC 5457  SABc  6.0 210.802267  54.348950 14.42   37 18 62   6.85 18 28.73
NGC 5474  Sc    6.1 211.256708  53.662222  2.39  159 21 63   6.80 35  4.73
NGC 5668  Scd   6.9 218.351408   4.450458  1.66  164 21 64  26.90 31 12.96
NGC 6384  SABb  3.6 263.101250   7.060278  3.08   32 48 19  25.90 11 23.23
NGC 6691  Sbc   3.6 279.801042  55.641806  0.79    0 21  1  85.10  2 19.62
NGC 6744  Sbc   4.0 287.442125 -63.857528  9.98   20 50 65   9.40 16 27.28
NGC 6946  SABc  5.9 308.718012  60.153914  5.74   62 38 66   6.00 67 10.02
NGC 7331  Sbc   3.9 339.266725  34.415519  5.24  169 75 28  15.10 68 23.00
NGC 7495  SABc  5.3 347.238250  12.048028  0.91    5 24  1  70.00 69 18.53
NGC 7518  SABa  1.1 348.303042   6.321667  0.71  109 42 70  50.50 70 10.38
NGC 7529  Sbc   4.4 348.513292   8.992500  0.43    0 17  1  62.10  2  7.69
NGC 7570  Sa    1.1 349.186134  13.483011  0.77   30 54  1  17.70 16  3.99
NGC 7591  SBbc  3.6 349.567833   6.585806  0.98  148 68 71  60.20 16 17.07
NGC 7678  Sc    4.9 352.116250  22.421194  1.17    5 45  1  48.90  2 16.67
NGC 7793  Scd   7.4 359.457625 -32.591028  4.67   99 54 10   3.40 72  4.62
IC 0010   IB    9.9   5.072250  59.303778  3.16  125 27 45   0.66 73  0.61
IC 0193   Sc    5.3  30.629083  11.093083  0.93  154 32  1  61.60  2 16.68
IC 0208   Sbc   3.6  32.115583   6.394917  0.91    0 12  1  38.30 16 10.14
IC 0342   SABc  6.0  56.702096  68.096367 10.69   37 31 74   3.30 68 10.26
IC 1132   Sc    5.4 235.028171  20.680606  0.59   50 18 75  70.60  2 12.06
IC 2204   Sab   2.5 115.325435  34.232169  0.52    0  0  1  66.20 76 10.08
IC 5201   Sc    6.1 335.239333 -46.035861  4.26   33 63  1  12.80  2 15.85
IC 5309   Sb    3.1 349.798542   8.109306  0.67   20 63 77  50.00 16  9.81
UGC 00223 I     9.9   6.177915  14.824582  0.46    0  0  1  70.80  2  9.39
UGC 01087 Sc    5.3  22.860833  14.277500  0.74    0 21  1  59.60  2 12.82
UGC 01862 SABc  6.4  36.103375  -2.162361  0.83   10 39  1  20.10 16  4.85
UGC 02023 I     9.7  37.572417  33.491111  0.83   59 26 78  10.30 79  2.49
UGC 02216 I     9.9  41.087913   0.675381  0.64   15 72  1  36.50  2  6.84
UGC 02345 Sm    8.8  42.969583  -1.172222  1.73  160 30  1  20.00  2 10.09
UGC 03701 Sc    6.0 107.927833  72.169306  0.91    0  0  1  43.20  2 11.43
UGC 04107 Sc    5.3 119.257792  49.567361  0.71    0 12  1  51.50  2 10.58
UGC 04305 I     9.9 124.770750  70.720027  3.97  177 40 80   3.38  9  3.90
UGC 05100 SBb   3.0 143.661008   5.841439  0.60   30 53  1  80.60  2 14.09
UGC 06410 SABc  5.3 171.024500  45.811072  0.55    5 39  1  82.50  2 13.16
UGC 08091 I     9.8 194.668512  14.217511  0.54  170 20 81   2.08  9  0.32
UGC 09562 Sd    8.0 222.810048  35.542269  0.48   30 27  1  23.80 31  3.31
UGC 09837 SABc  5.3 230.965311  58.052941  0.91   21 18 82  42.00 82 11.12
UGC 10445 Sc    6.0 248.448417  28.984778  1.38  142 46 83  20.00  2  8.01
UGC 12709 SABm  8.7 354.350001   0.391670  1.51  145 47  1  37.00  2 16.25
PGC 29167 I    10.0 150.965417  68.690278  2.70d   0  0      3.82 84  3.00
PGC 41318 S?    4.3 187.589848  56.791542  0.29    0 21 45  70.10  2  6.00
PGC 44772 S?    1.9 195.138542  10.129969  0.40  128 32 45 107.80  2 12.39
PGC 45195 Sd    7.7 196.129979  -3.572419  1.77   63 44  1  24.10  2 12.44
PGC 46182 Sc    4.9 199.061225  41.494460  0.54e  34 52 85  89.40 76 14.15
