UGC 12894    00 00 22.2  39 29 46.6 Im       7.9   21 0.8 -13.38           2.5 23.0  8.40 7.56 0.04 -1.51 0.10
UGC 290      00 29 07.9  15 54 02.9 Sdm     12.7   42 2.6 -14.48 0.31 0.05 2.6 24.9  9.12 7.80 0.10 -1.42 0.11
UGC 685      01 07 22.4  16 41 04.3 SAm      4.79  44 1.0 -14.44 0.46 0.02 0.8 21.5  9.08 8.00 0.03 -1.45 0.08
UGC 1104     01 32 42.4  18 19 00.9 Im      11.1   32 1.7 -16.08 0.40 0.01 0.8 21.1  9.31 7.94 0.05 -1.65 0.14
UGC 1175     01 39 56.5  11 05 46.9 Sm:     11.3   18 1.0 -14.13 0.26 0.04 6.6 22.5  9.08 7.82 0.10 -1.50 0.15
UGC 1281     01 49 31.4  32 35 16.6 SdM      4.6  136 3.0 -14.91 0.42 0.03 1.4 23.9  9.37 7.78 0.10 -1.29 0.13
HKK L14      02 00 10.2  28 49 46.5 Irr      4.7   12 0.3 -11.26           0.5 24.3  7.48 7.65 0.10 -1.26 0.14
UGC 2023     02 33 18.6  33 29 28.7 Im:     10.2   44 2.2 -16.54 0.44 0.04 0.6 22.8  9.23 8.02 0.03 -1.35 0.10
UGC 3647     07 04 50.0  56 31 09.8 IBm     19.7   40 3.8 -17.06 0.42 0.03 1.4 21.8  9.68 8.07 0.05 -1.28 0.10
UGC 3672     07 06 27.3  30 19 21.1 Im      12.7   48 3.0 -15.43 0.27 0.05 2.5 22.6  9.25 8.01 0.04 -1.64 0.12
UGC 4117     07 57 25.9  35 56 24.8 IBm     10.0   37 1.8 -14.86 0.31 0.02 0.9 22.6  8.73 7.89 0.10 -1.52 0.15
UGC 4483     08 37 03.0  69 46 36.3 Im       3.21  34 0.5 -12.55           2.0       8.11 7.56 0.03 -1.57 0.07
CGCG 007-025 09 44 02.1 -00 38 32.6 Sm      17.8   15 1.3 -15.75 0.37 0.02 1.3 20.5  9.36 7.83 0.03 -1.48 0.06
UGC 5288     09 51 17.0  07 49 40.0 Sdm:     5.3   37 1.0 -14.44 0.46 0.06 1.8 20.6  9.22 7.90 0.03 -1.42 0.06
UGCA 292     12 38 39.7  32 45 49.3 Im IV-V  3.1   30 0.4 -11.43 0.08 0.10 6.9       7.93 7.32 0.06 -1.44 0.10
UGC 8651     13 39 53.1  40 44 20.4 Im       3.01  69 1.0 -12.96           1.1       8.50 7.85 0.04 -1.60 0.09
UGC 9240     14 24 43.8  44 31 33.7 IAm      2.79  57 0.8 -13.96 0.37 0.03 1.0 21.6  9.17 7.95 0.03 -1.60 0.06
UGC 9992     15 41 47.7  67 15 13.9 Im       8.6   32 1.3 -14.97 0.37 0.04 1.2 22.8  8.44 7.88 0.12 -1.26 0.19
UGC 10445    16 33 47.6  28 59 05.1 SBc     15.1   60 4.4 -17.53 0.42 0.03 1.0 21.8 10.24 7.95 0.06 -1.20 0.10
UGC 11755    21 29 59.6  02 24 50.8 BCD/E   18.0   27 2.4 -17.14 0.50 0.03 0.1 22.6  9.76 8.04 0.03 -1.10 0.08
UGC 12713    23 38 14.4  30 42 30.6 S0/a     7.5   31 1.1 -14.76 0.46 0.03 0.9 22.6  9.29 7.80 0.06 -1.53 0.10
