Leo A      0.69 -11.52 0.26 0.10 1.3            7.30 0.05 -1.52 0.15
GR 8       2.2  -12.12 0.38 0.10 0.8       7.29 7.65 0.06 -1.49 0.07
UGC 9128   2.5  -12.63 0.25 0.05 1.1 22.8  7.90 7.75 0.05 -1.80 0.12
UGC 2684   5.56 -13.03 0.34 0.02 2.8 25.7  8.99 7.60 0.10 -1.38 0.07
UGC 8024   3.2  -13.33           7.3       9.42 7.67 0.06 -1.68 0.13
UGCA 20    8.65 -14.13 0.30 0.01 2.6 24.2  9.34 7.60 0.10 -1.56 0.15
UGC 3174   7.86 -14.76 0.41 0.02 2.2 23.4  9.48 7.80 0.10 -1.56 0.15
UGC 521   10.9  -15.17 0.30 0.02 2.2 20.6  9.60 7.86 0.04 -1.66 0.12
UGC 5764   7.21 -15.3            0.7       8.99 7.95 0.04 -1.34 0.08
UGCA 357  16.5  -15.50 0.41 0.01 3.4 25.2  9.91 8.05 0.05 -1.55 0.11
UGC 891   10.5  -15.53 0.46 0.03 1.8 23.4  9.53 8.20 0.10 -1.52 0.13
UGC 5716  16.0  -15.53 0.42 0.01 2.5 24.1  9.89 8.10 0.10 -1.59 0.10
UGC 300   19.8  -15.72 0.50 0.01 1.4 23.3       7.80 0.03 -1.50 0.08
Haro 43   26.5  -16.31 0.41 0.02 2.0 20.2  9.96 8.20 0.10 -1.41 0.10
UGC 5829   8.02 -16.6            1.3       9.89 8.30 0.10 -1.76 0.12
UGC 11820 17.9  -16.94 0.37 0.02 2.1 23.7 10.17 8.00 0.20 -1.59 0.10
UGC 191   17.6  -17.52 0.46 0.03 0.9 22.3  9.87 8.10 0.05 -1.40 0.10
UGC 634   31.4  -17.67 0.39 0.03 2.0 23.1  9.98 8.18 0.03 -1.58 0.08
UGC 2984  20.6  -18.89 0.20 0.02 0.5 20.5  9.99 8.30 0.20 -1.57 0.10
