Q1307-BM1163 |Velocity width         |      | 60 18|0.39 0.12 0.12|       | 264  10   9|              |               |  8.8   4.1   4.1
Q1623-BX376  |Velocity gradient+width|      | 60 18|0.60 0.19 0.19|       | 112  29  29|0.64 0.22 0.22| 0.80 0.30 0.30|  1.4   0.6   0.6
Q1623-BX447  |Kinematic modeling     |Disk  |100 30|0.69 0.22 0.22|       | 229  15  15|1.1  0.3  0.3 | 1.6  0.5  0.5 | 12.    1.    1.
Q1623-BX455  |Velocity gradient+width|      | 55 17|0.42 0.16 0.16|       | 119  27  27|0.95 0.28 0.28| 1.3  0.5  0.5 |  2.7   1.1   1.1
Q1623-BX502  |Velocity gradient+width|      | 45 14|0.62 0.19 0.20|0.8 0.2|  91  26  25|0.52 0.13 0.12| 0.65 0.20 0.19|  0.85  0.36  0.36
Q1623-BX528  |Velocity gradient+width|Merger| 67 20|0.48 0.14 0.15|       | 145  30  30|1.3  0.3  0.3 | 1.8  0.6  0.6 |  6.0   2.1   2.1
Q1623-BX543  |Velocity width         |      | 55 17|0.37 0.12 0.12|       | 257  38  39|1.5  0.5  0.5 | 2.3  0.9  0.9 |  9.5   4.0   4.1
Q1623-BX599  |Velocity width         |Merger| 49 15|0.32 0.10 0.10|       | 264  16  15|1.5  0.5  0.5 | 1.9  0.7  0.7 | 10.    4.    4.
Q1623-BX663  |Kinematic modeling     |      | 97 29|0.56 0.18 0.18|6.1 3.9| 243  17  17|2.0  0.4  0.4 | 3.1  0.9  0.9 | 13.    1.    1.
SSA22a-MD41  |Kinematic modeling     |Disk  |130 39|1.10 0.34 0.34|2.3 0.3| 174  29  29|1.6  0.4  0.4 | 2.8  0.8  0.8 |  6.9   1.2   0.8
Q2343-BX389  |Kinematic modeling     |Disk  |205 62|0.84 0.30 0.35|3.1 0.4| 259  14  14|1.9  0.5  0.5 | 3.4  1.0  1.0 | 14.    1.    1.
Q2343-BX513  |Velocity width         |      | 27  8|0.26 0.09 0.10|       | 174  42  33|0.66 0.24 0.23| 0.74 0.30 0.29|  4.2   2.2   2.0
Q2343-BX610  |Kinematic modeling     |Disk  |165 50|0.94 0.29 0.29|5.0 1.3| 324  71  71|2.5  0.5  0.5 | 3.8  1.1  1.1 | 19.    5.    3.
Q2346-BX404  |Velocity width         |      | 20  6|0.21 0.06 0.06|       | 168   8   6|0.32 0.30 0.30| 0.36 0.34 0.34|  1.9   2.1   2.1
Q2346-BX405  |Velocity width         |      | 32 10|0.39 0.12 0.12|       | 143   8   6|0.69 0.24 0.24| 0.86 0.34 0.34|  2.8   1.2   1.2
Q2346-BX416  |Kinematic modeling     |      | 70 21|0.51 0.16 0.16|       | 236  14  14|0.43 0.61 0.61| 0.60 0.86 0.86|  7.7   0.5   0.4
Q2346-BX482  |Kinematic modeling     |Disk  |233 70|1.76 0.54 0.54|4.4 1.0| 237  40  40|1.8  0.4  0.4 | 2.6  0.7  0.7 | 13.    2.    1.
K20-ID5      |Velocity width         |      | 82 25|0.29 0.09 0.09|       |<488        |3.9  0.9  0.9 |12.   3.   3.  |<58.              
K20-ID6      |Velocity gradient+width|Disk  | 42 13|0.46 0.14 0.15|       | 108  39  38|0.73 0.21 0.21| 1.3  0.4  0.4 |  2.4   1.4   1.4
K20-ID7      |Velocity gradient+width|Merger|102 31|0.59 0.18 0.18|       | 191  33  33|2.4  0.5  0.5 | 4.1  1.2  1.2 | 13.    4.    4.
K20-ID8      |Kinematic modeling     |Disk  | 83 25|0.63 0.20 0.20|       | 209  10  10|1.4  0.3  0.3 | 2.1  0.6  0.6 |  9.9   0.4   0.3
K20-ID9      |Kinematic modeling     |      |125 38|0.75 0.23 0.23|6.9 4.9| 173  50  50|2.0  0.4  0.4 | 4.4  1.2  1.2 |  7.0   2.0   2.0
D3a-4751     |Kinematic modeling     |      | 75 23|0.87 0.28 0.29|4.6 3.7| 147  14  14|0.90 0.19 0.19| 1.6  0.4  0.4 |  4.7   0.6   0.3
D3a-6004     |Kinematic modeling     |Disk  |107 32|0.83 0.25 0.25|4.6 1.2| 273  51  51|4.0  0.8  0.8 |11.   3.   3.  | 18.    4.    3.
D3a-6397     |Kinematic modeling     |Disk  |130 39|1.09 0.33 0.33|5.7 3.4| 235  69  69|3.1  0.7  0.7 |10.   3.   3.  | 12.    4.    3.
D3a-7144     |Kinematic modeling     |      | 67 20|0.48 0.15 0.16|       | 262  10  10|1.3  0.3  0.3 | 3.9  1.3  1.3 | 16.    1.    1.
D3a-12556    |Velocity width         |Merger| 21  6|0.28 0.09 0.09|       | 128   7   4|1.3  0.3  0.3 | 2.6  0.8  0.8 |  3.7   1.0   1.0
D3a-15504    |Kinematic modeling     |Disk  |170 51|1.15 0.35 0.35|5.9 2.1| 258  25  25|2.8  0.6  0.6 | 4.9  1.3  1.3 | 16.    2.    2.
GMASS-167    |Velocity gradient+width|      | 40  7|0.59 0.18 0.16|       |  76  19  20|0.54 0.28 0.28| 0.75 0.41 0.41|  0.95  0.41  0.42
GMASS-1084   |Kinematic modeling     |      | 67  9|0.59 0.10 0.12|4.4 2.1| 230  38  38|0.59 0.17 0.16| 3.1  1.0  1.0 | 12.    2.    2.
GMASS-1146   |Velocity gradient+width|      |100 28|0.75 0.25 0.25|       | 166  45  44|0.88 0.74 0.09| 2.7  2.3  0.6 |  3.1   2.5   2.5
GMASS-2113W  |Velocity width         |      | 15 20|0.07 0.09 0.11|       | 376 360 112|0.21 0.17 0.17| 0.81 0.65 0.65|  9.7  16.0   9.9
GMASS-2113E  |Velocity width         |      | 10  4|0.13 0.05 0.06|       | 133  34  17|0.14 0.09 0.09| 0.20 0.13 0.13|  1.4   1.2   1.1
GMASS-2252   |Velocity gradient+width|      | 68 12|0.48 0.12 0.12|       | 156  20  20|1.1  0.3  0.3 | 1.9  0.7  0.7 |  7.4   2.0   2.0
GMASS-2303   |Velocity gradient+width|      | 57  9|0.52 0.09 0.09|       | 121  19  20|0.46 0.10 0.10| 0.57 0.16 0.16|  2.0   0.6   0.6
GMASS-2363   |Velocity width         |      | 49 17|0.36 0.18 0.21|       | 234 106  85|0.48 0.22 0.22| 0.94 0.47 0.46|  6.4   5.3   4.8
GMASS-2438   |Velocity gradient+width|      |174  8|1.02 0.12 0.11|       | 235  34  35|0.68 0.26 0.26| 1.7  0.7  0.7 | 13.    4.    4.
GMASS-2471   |Kinematic modeling     |      |121 13|0.74 0.12 0.13|       | 208 104 104|0.57 0.16 0.16| 0.79 0.27 0.27|  9.0   5.0   4.0
GMASS-2540   |Velocity gradient+width|      | 67 27|0.84 0.35 0.36|       | 207 111 110|1.2  0.3  0.3 | 1.6  0.5  0.5 | 22.   17.   17.
GMASS-2562   |Velocity width         |      | 22  7|0.25 0.12 0.11|       | 150  48  57|0.44 0.28 0.28| 0.86 0.57 0.57|  2.3   2.0   2.1
ZC-782941   i|Kinematic modeling     |Merger|165 50|0.97 0.29 0.30|3.7 1.1| 257  64  64|1.8  0.3  0.3 | 3.4  0.9  0.9 | 14.    4.    3.
ZC-1101592   |Kinematic modeling     |      |213 64|0.75 0.28 0.25|7.4 3.9| 257  16  16|1.2  0.4  0.4 | 3.0  1.1  1.1 | 15.    1.    1.
SA12-5241    |Velocity width         |      | 20  6|0.30 0.10 0.11|       | 116  24  19|0.73 0.31 0.31| 2.0  0.9  0.9 |  1.7   1.0   0.9
SA12-6192    |Velocity gradient+width|      | 50 15|0.53 0.18 0.25|       | 101  33  27|0.42 0.12 0.12| 0.92 0.32 0.32|  1.7   0.9   0.7
SA12-6339    |Velocity width         |      | 20  6|0.22 0.07 0.07|       | 161  13  11|1.5  0.4  0.4 | 4.6  1.5  1.5 |  3.3   1.0   1.0
SA12-8768    |Velocity gradient+width|      | 57 17|0.64 0.21 0.22|       | 101  16  15|1.7  0.4  0.4 | 4.5  1.4  1.4 |  1.9   0.6   0.6
SA15-5365    |Velocity gradient+width|      | 60 18|0.54 0.16 0.17|       | 123  31  30|0.55 0.13 0.23| 0.86 0.26 0.71|  3.2   1.3   1.3
