Q1307-BM1163 1.00 1.4104   64.2 1.7 1.7 153    6  5  2.4 1.1  6.5 2.2      
Q1623-BX376  1.00 2.4088    8.5 0.8 0.6  99   11  9  2.4 0.9  4.6 1.8  0.15
Q1623-BX447  1.00 2.1473   10.2 1.0 0.9 144   17 17  3.7 1.0 10.0 2.4  0.12
Q1623-BX455  1.00 2.4072   10.5 1.5 1.2 130   28 28  3.0 1.0  7.5 2.1  0.36
Q1623-BX502  0.50 2.1556   12.3 0.7 0.6  72    7  5  1.7 0.5  4.3 1.0  0.57
Q1623-BX528  1.25 2.2683   11.4 0.4 0.4 141    8  8  4.6 1.3 11.7 2.9  0.07
Q1623-BX543  1.00 2.5209   19.5 1.3 1.4 149   22 23  2.8 1.0  8.6 2.3  0.28
Q1623-BX599  1.00 2.3313   30.6 0.9 0.8 153    9  9  2.8 1.0  4.7 2.1  0.23
Q1623-BX663  1.25 2.4332   16.7 0.9 0.9 172   22 22  4.7 1.1 11.0 2.4  0.13
SSA22a-MD41  1.25 2.1704   14.4 0.6 0.6 118    6  7  4.3 1.0 10.8 2.4  0.19
Q2343-BX389  1.25 2.1733   21.0 1.0 1.0 245   70 50  4.2 1.1 13.3 3.0  0.18
Q2343-BX513  1.00 2.1080   12.5 1.8 1.3 101   24 19  2.6 1.1  6.6 2.1  0.09
Q2343-BX610  1.25 2.2103   30.5 1.3 1.1 176   10 11  4.6 1.0 10.9 2.4  0.11
Q2346-BX404  0.75 2.0284   10.6 0.3 0.3  97    4  3  1.3 1.5  3.8 2.3  0.07
Q2346-BX405  1.00 2.0298   12.5 0.4 0.4  83    5  3  2.7 1.1  7.3 2.2  0.10
Q2346-BX416  1.00 2.2405   12.2 0.6 0.5 138    9  9  1.2 2.0  5.1 2.5  0.12
Q2346-BX482  1.25 2.2571   23.2 1.2 1.0 132    8  9  4.2 0.9 14.3 2.9      
K20-ID5      1.25 2.2243   26.9 1.5 1.5 281   29 30  4.7 1.1 10.4 2.4  0.10
K20-ID6      1.00 2.2345    5.4 0.4 0.4  91   14  7  3.1 1.0  8.3 2.2  0.06
K20-ID7      1.25 2.2241   19.7 0.7 0.7 173    8  9  5.3 1.2 14.9 3.2  0.13
K20-ID8      1.25 2.2235   10.7 0.6 0.6 132   10 11  4.6 1.1 10.7 2.4  0.09
K20-ID9      1.50 2.0343    9.4 0.6 0.7 167   15 13  6.9 1.5 17.1 3.6  0.11
D3a-4751     1.00 2.2656    6.8 0.6 0.5  86   13 10  3.4 0.8  9.4 2.0  0.06
D3a-6004     1.50 2.3867   19.5 0.8 0.7 129    7  7  5.9 1.4 13.3 3.0  0.07
D3a-6397     1.50 1.5138   28.0 1.6 1.8 120    6  5  5.9 1.6 15.3 3.6      
D3a-7144     1.00 1.6541   12.5 0.9 1.2 140   18 15  3.4 1.0  8.3 2.2      
D3a-7429     1.00 1.6946   14.6 2.2 1.5 141   43 28 <4.7      8.7 4.3      
D3a-12556    1.25 1.5938   19.2 0.4 0.4  74    4  2  4.3 1.2 10.8 2.7      
D3a-15504    1.25 2.3826   24.9 0.9 0.8 148    9  9  5.0 1.1 10.7 2.3  0.12
GMASS-167    1.00 2.5756    6.6 1.1 0.9  68   14 17  1.8 1.1  6.9 2.1  0.21
GMASS-1084   1.00 1.5521    2.1 0.2 0.2 114   16 11  3.1 1.0  9.8 2.4  0.01
GMASS-1146   1.00 1.5385    5.0 0.6 0.4 133   23 22 <4.7      4.8 4.9  0.04
GMASS-1274        1.670 ) < 0.9                                            
GMASS-2090        2.416 ) < 4.5                                       <0.09
GMASS-2113W  0.75 1.6120    1.7 0.2 0.2 217  208 65  1.3 1.2  5.8 2.0  0.01
GMASS-2113E  1.00 1.6115    2.8 0.3 0.2  77   19 10  1.5 1.2  3.6 2.1  0.04
GMASS-2207        2.449 ) < 4.2                                       <0.15
GMASS-2252   1.00 2.4085    7.1 0.6 0.5 141   25 25  3.7 1.3 12.4 3.1  0.09
GMASS-2303   0.50 2.4507    6.6 0.4 0.4 109    8  8  1.8 0.4  5.7 1.2  0.16
GMASS-2363   1.00 2.4518    2.9 0.5 0.4 135   61 49  2.3 1.2  9.7 2.5  0.06
GMASS-2438   1.25 1.6135    7.6 0.3 0.3 170   16 18  2.9 1.3 10.3 2.9  0.05
GMASS-2443        2.298 ) < 1.8                                       <0.01
GMASS-2454   0.75 1.6037    1.5 0.4 0.3 100  163 59  1.5 1.2           0.01
GMASS-2471   1.00 2.4327    4.0 0.3 0.2 164   23 21  3.1 1.0  8.0 2.2  0.06
GMASS-2540   1.50 1.6146   10.5 1.1 0.8  80   12  9  7.5 1.8 21.9 4.7  0.06
GMASS-2550   1.00 1.6030    4.1 0.7 0.8  64 1325 50  5.3 1.1           0.05
GMASS-2562   1.00 2.4542    3.0 0.7 0.6  87   27 33  2.0 1.5  8.9 2.7  0.06
GMASS-2573        1.550 ) < 3.9                                       <0.03
GMASS-2578        2.448 ) < 3.3                                       <0.03
ZC-772759    1.25 2.1733   15.4 2.0 1.4 125   18 15                    0.14
ZC-782941    1.00 2.1814   22.5 0.9 0.8 171   12  8  3.1 0.7  8.1 1.7  0.13
ZC-946803         2.090 ) < 8.1                                       <0.03
ZC-1101592   1.25 1.4049   18.4 1.4 2.0 283   39 64  4.0 1.5  9.5 3.0      
SA12-5241    1.00 1.3622   14.3 1.7 1.5  67   14 11  2.5 1.2  7.0 2.3  0.05
SA12-5836         1.348 ) < 3.0                                       <0.01
SA12-6192    1.00 1.5042    4.7 0.9 0.9  94   35 15  2.9 0.9  7.1 1.9  0.01
SA12-6339    1.00 2.2969   12.2 0.7 0.6  93    7  6  2.4 0.7  6.7 1.7  0.13
SA12-7672         2.147 ) < 2.7                                       <0.01
SA12-8768    1.25 2.1879    9.9 0.4 0.5  88   14 10  3.8 1.1  8.1 2.3  0.09
SA12-8768NW  1.00 2.1876    1.9 0.4 0.4  37   25 23  1.8 1.2  5.3 2.2      
SA15-5365    1.25 1.5345    6.3 0.4 0.3 112   13  7  4.3 1.2  8.9 2.4  0.03
SA15-7353         2.091 ) < 6.0                                       <0.03
