Q1307-BM1163                                                                                              
Q1623-BX376  CSF     286  520   31 0.4 0.2 0.2  0.84 0.46 0.10 -22.26 0.11 0.06  40.     1.   17.    4.8   1.1  3.0
Q1623-BX447  tau300  509  132   55 0.8 0.2 0.2  2.12 0.36 0.04 -22.17 0.08 0.02  24.    12.    8.    1.1   0.3  0.4
Q1623-BX455  CSF    1015  885  611 0.6 0.2 0.2  1.03 0.52 0.39 -21.51 0.20 0.12  15.    10.    1.    1.5   2.0  0.6
Q1623-BX502  CSF     227  177  137 0.4 0.2 0.2  0.23 0.14 0.10 -20.98 0.19 0.17  14.     9.    1.    6.0   8.0  2.5
Q1623-BX528  CSF    2300  450  200 0.6 0.2 0.2  6.54 1.10 0.58 -22.97 0.04 0.04  46.     1.    1.    0.7   0.1  0.1
Q1623-BX543  CSF      81   21    9 0.8 0.2 0.2  0.94 0.20 0.09 -22.72 0.08 0.04 150.     2.    5.   15.    2.   3.
Q1623-BX599  CSF    2750   18 1141 0.4 0.2 0.2  5.66 0.07 0.24 -22.88 0.15 0.02  34.    19.    1.    0.6   0.4  0.1
Q1623-BX663  CSF    2300  200  200 0.8 0.2 0.2  6.59 0.67 1.80 -22.78 0.05 0.19  46.     1.   15.    0.7   0.1  0.1
SSA22a-MD41  CSF      64    8   14 1.0 0.2 0.2  0.72 0.08 0.12 -22.36 0.05 0.06 140.     6.    4.   19.    5.   2.
Q2343-BX389  CSF    2750  224  250 1.0 0.2 0.2  4.40 0.19 0.31 -22.01 0.05 0.08  26.     1.    2.    0.6   0.1  0.1
Q2343-BX513  tau300  806  209  166 0.2 0.2 0.2  2.70 0.56 0.05 -22.54 0.14 0.02  10.     1.    4.    0.4   0.1  0.2
Q2343-BX610  CSF    2750  173  250 0.8 0.2 0.2 10.8  0.2  0.2  -23.18 0.02 0.02  65.     1.    1.    0.6   0.1  0.1
Q2346-BX404  tau300  641  166  132 0.2 0.2 0.2  2.35 0.07 0.05 -22.65 0.03 0.02  16.     1.    1.    0.7   0.1  0.1
Q2346-BX405  tau300  404   49   44 0.4 0.2 0.2  1.58 0.37 0.28 -22.47 0.13 0.10  27.     1.    1.    1.7   0.4  0.3
Q2346-BX416  tau300  404   49   83 0.6 0.2 0.2  2.24 0.51 0.65 -22.65 0.12 0.17  38.     2.    1.    1.7   0.8  0.3
Q2346-BX482  tau300  286   35   83 0.6 0.2 0.2  1.69 0.30 0.25 -22.63 0.09 0.07  50.    32.    1.    2.9   1.8  0.5
K20-ID5      CSF     114  207   12 2.0 0.2 0.2  7.18 4.16 0.05 -23.53 0.10 0.01 810.     6.  330.   11.    1.   7.
K20-ID6      tau300  404   49  149 1.0 0.2 0.2  2.67 0.01 0.53 -22.44 0.01 0.07  45.    27.    1.    1.7   1.8  0.1
K20-ID7      CSF     509  132   55 1.0 0.2 0.2  3.95 0.10 0.26 -23.01 0.02 0.02 110.     4.    2.    2.8   0.3  0.1
K20-ID8      tau300  454   55  167 0.8 0.2 0.2  3.25 0.01 0.71 -22.75 0.01 0.08  45.    27.    1.    1.4   1.6  0.1
K20-ID9      CSF     128  193   14 1.4 0.2 0.2  1.16 0.55 0.07 -22.08 0.09 0.02 120.     2.   45.   10.    1.   6.
D3a-4751     CSF     203  438   42 1.0 0.2 0.2  1.83 1.46 0.32 -22.71 0.18 0.07 120.     2.   46.    6.6   1.6  4.4
D3a-6004     tau300  641  166  132 1.8 0.2 0.2 31.6  4.7  1.5  -23.88 0.09 0.03 210.   110.   75.    0.7   0.4  0.3
D3a-6397     tau300  203  118   22 2.2 0.2 0.2 12.0  1.8  0.4  -23.41 0.04 0.02 560.     9.  200.    4.7   0.2  2.2
D3a-7144     tau300  404   49   83 2.0 0.2 0.2 11.9  1.9  0.4  -23.06 0.06 0.03 200.   100.   10.    1.7   0.8  0.3
D3a-7429                                                                                                  
D3a-12556    tau300  286   35  106 1.2 0.2 0.2  3.24 0.02 0.47 -22.74 0.01 0.07  95.    55.    1.    2.9   2.5  0.1
D3a-15504    tau300  454  187   49 1.0 0.2 0.2 10.9  2.7  0.1  -23.86 0.12 0.01 150.     1.   54.    1.4   0.1  0.7
GMASS-167    tau300  114  141   12 0.6 0.2 0.2  0.61 0.32 0.02 -22.18 0.12 0.02  57.     2.   24.    9.3   0.4  5.9
GMASS-1084   tau300   81   10   31 3.0 0.2 0.2  3.61 0.34 0.60 -21.93 0.01 0.07 490.   170.   31.   14.    9.   2.
GMASS-1146   CSF      50    2    0 2.0 0.2 0.2  0.78 0.03 0.01 -21.59 0.02 0.02 190.     2.    6.   24.    1.   1.
GMASS-1274   tau300   50    2    0 2.2 0.2 0.2  0.69 0.02 0.01 -21.22 0.02 0.02 150.     2.    5.   22.    1.   1.
GMASS-2090   CSF     203  306  139 1.0 0.2 0.2  1.06 0.55 0.43 -22.12 0.07 0.09  71.    52.   27.    6.6  13.   3.8
GMASS-2113W  CSF     360  280   74 2.4 0.2 0.2  4.09 0.92 0.45 -21.86 0.04 0.03 160.    11.   44.    3.9   0.9  1.6
GMASS-2113E  tau300  404   49   44 0.6 0.2 0.2  0.51 0.03 0.01 -21.04 0.03 0.01   8.7    0.2   0.5   1.7   0.1  0.3
GMASS-2207   CSF     203  813  148 1.0 0.4 0.4  0.74 0.66 0.23 -21.73 0.16 0.11  49.    63.   29.    6.6  16.   5.1
GMASS-2252   CSF    2100  200  491 1.0 0.2 0.2  5.87 0.31 0.90 -22.52 0.02 0.03  45.     4.    2.    0.8   0.2  0.1
GMASS-2303   tau300  286  167  125 0.4 0.2 0.2  0.72 0.19 0.15 -21.90 0.08 0.06  21.    13.    8.    2.9   3.3  1.6
GMASS-2363   tau300  286   35  125 1.2 0.2 0.2  2.16 0.29 0.52 -22.30 0.04 0.09  64.    36.    8.    2.9   3.3  0.5
GMASS-2438   CSF     255   66   28 1.6 0.2 0.2  1.79 0.32 0.12 -21.96 0.05 0.02  96.     4.   10.    5.4   0.6  1.0
GMASS-2443   CSF    1700 1050   91 1.0 0.2 0.2  6.70 0.68 0.23 -22.81 0.01 0.03  62.     1.   16.    0.9   0.1  0.3
GMASS-2454   tau300   55   17    5 2.0 0.2 0.2  0.96 0.14 0.06 -21.73 0.01 0.02 190.     8.   18.   20.    2.   3.
GMASS-2471   tau300  227  177   25 0.6 0.2 0.2  1.36 0.51 0.06 -22.56 0.10 0.02  55.     2.   23.    4.1   0.2  2.4
GMASS-2540   tau300  509  132  149 0.6 0.2 0.2  1.89 0.06 0.26 -22.25 0.03 0.06  21.    11.    1.    1.1   0.9  0.1
GMASS-2550   tau300  286  118   59 0.8 0.2 0.2  0.71 0.12 0.11 -21.49 0.06 0.05  21.     7.    7.    2.9   1.1  1.2
GMASS-2562   tau300  286  167  125 1.2 0.2 0.2  2.43 0.56 0.51 -22.43 0.09 0.08  72.    49.   30.    2.9   3.3  1.6
GMASS-2573   CSF     143  143   30 2.6 0.2 0.2  3.25 0.97 0.44 -21.94 0.07 0.02 300.    27.   94.    9.1   2.2  4.3
GMASS-2578   CSF    2500  130 1222 1.4 0.2 0.2 13.7  0.1  3.1  -22.91 0.02 0.02  89.    43.    1.    0.7   0.6  0.1
ZC-772759    tau300  286   74  106 1.4 0.2 0.2  3.34 0.54 0.46 -22.57 0.08 0.05  98.    58.    8.    2.9   2.5  0.5
ZC-782941    tau300  143   18   86 1.2 0.2 0.2  2.99 0.06 1.03 -23.14 0.02 0.07 210.   160.    1.    7.2  12.   0.2
ZC-946803    CSF     806  803  353 1.8 0.2 0.2  9.42 2.48 1.88 -22.87 0.02 0.06 170.    88.   59.    1.8   1.7  0.9
ZC-1101592   tau300  286  118   31 1.6 0.2 0.2  3.81 0.47 0.06 -22.51 0.04 0.02 110.     1.   39.    2.9   0.1  1.2
SA12-5241    CSF      50    2    0 1.8 0.2 0.2  0.64 0.01 0.18 -21.58 0.03 0.15 150.     4.   43.   24.    7.   7.
SA12-5836    tau300 1900  200 1828 0.0 3.0 0.0  6.44 0.13 2.26 -22.59 0.02 0.38   0.65 620.    0.02  0.01 15.   0.01
SA12-6192    tau300   50   14    0 1.4 0.2 0.2  0.45 0.15 0.02 -21.55 0.11 0.07  99.     2.   27.   22.    1.   5.
SA12-6339    CSF      50    2    0 2.0 0.2 0.2  2.57 0.03 0.88 -22.89 0.01 0.23 620.     4.  210.   24.    8.   8.
SA12-7672    tau300  360  149  133 2.4 0.2 0.2 21.0  5.5  4.3  -23.38 0.14 0.12 430.   260.  150.    2.1   2.0  0.9
SA12-8768    tau300   57    2    7 1.8 0.2 0.2  1.45 0.51 0.16 -22.35 0.22 0.05 280.   150.    3.   19.    3.   1.
SA12-8768NW                                                                                               
SA15-5365    tau300  806  472  166 0.8 0.2 0.8  4.02 1.07 0.52 -22.38 0.20 0.03  15.     1.   12.    0.4   0.1  0.3
SA15-7353    tau300   57  229    7 2.6 0.2 0.4  3.51 4.38 0.37 -22.51 0.26 0.06 680.    21.  440.   19.    3.  16.
