  1 SJ162451.64+422828.0  16 24 51.64 42 28 28.0   37 0.18943  20.9  20.0  21.3 21.7
  2 SJ162454.44+422823.9  16 24 54.44 42 28 23.9  158 0.0      21.7  20.1  22.5 24.6
  3 SJ162507.59+423408.6  16 25 07.59 42 34 08.6   20 0.0      19.4  18.2  20.3 21.0
  4 SJ162510.56+424028.8  16 25 10.56 42 40 28.8  111 0.18750  20.4  19.2  21.3 21.8
  5 SJ162515.35+423057.0  16 25 15.35 42 30 57.0   99 0.0      20.0* 18.8* 19.3 19.7
  6 SJ162528.34+424708.8  16 25 28.34 42 47 08.8    4 0.18903  19.0  17.8  19.9 20.6
  7 SJ162533.32+423742.8  16 25 33.32 42 37 42.8   41 0.0      22.4* 20.8* 21.8 23.1
  8 SJ162536.21+425558.8  16 25 36.21 42 55 58.8  167 0.0      20.3  19.2  21.2 21.6
  9 SJ162536.16+424131.8  16 25 36.16 42 41 31.8   31 0.19020  20.7  19.5  21.6 22.1
 10 SJ162544.36+424953.1  16 25 44.36 42 49 53.1  156 0.16797  19.5  17.6  21.4 22.0
 11 SJ162548.41+422632.3  16 25 48.41 42 26 32.3   73 0.18993  19.5  18.4  20.1 20.8
 12 SJ162556.96+422416.0  16 25 56.96 42 24 16.0  103 0.19003  21.0  19.7  21.5 22.0
 13 SJ162558.03+425319.4  16 25 58.03 42 53 19.4  171 0.16875  19.1  17.5  20.5 21.2
 14 SJ162558.29+422651.3  16 25 58.29 42 26 51.3   54 0.0      19.1  17.6  20.3 20.8
 15 SJ162600.24+424235.8  16 26 00.24 42 42 35.8  108 0.0      20.4  18.8  20.5 22.2
 16 SJ162602.68+425054.8  16 26 02.68 42 50 54.8   61 0.0      20.8  19.2  22.4 23.0
 17 SJ162607.85+424128.4  16 26 07.85 42 41 28.4  119 0.19014  19.4  18.1  20.6 21.3
 18 SJ162607.94+424215.9  16 26 07.94 42 42 15.9   93 0.0      21.7  20.6  22.5 22.8
 19 SJ162612.06+425147.8  16 26 12.06 42 51 47.8  172 0.18778  20.5  19.3  21.2 21.8
 20 SJ162613.37+423303.7  16 26 13.37 42 33 03.7   33 0.22420  19.5  18.1  20.4 21.0
 21 SJ162614.11+424631.5  16 26 14.11 42 46 31.5  151 0.19190  21.0  19.6  22.5 23.2
 22 SJ162616.39+423348.0  16 26 16.39 42 33 48.0   62 0.0      21.9  20.7  22.6 22.7
 23 SJ162616.42+424703.6  16 26 16.42 42 47 03.6  107 0.0      22.9  21.7  23.4 23.9
 24 SJ162618.09+423808.9  16 26 18.09 42 38 08.9  100 0.19073  20.7  19.2  22.0 22.6
 25 SJ162623.81+423938.8  16 26 23.81 42 39 38.8  162 0.0      21.5  20.4  22.3 22.4
 26 SJ162631.71+424315.3  16 26 31.71 42 43 15.3  148 0.19142  18.9  17.6  19.9 20.5
 27 SJ162644.36+423918.2  16 26 44.36 42 39 18.2   86 0.19107  21.2  19.9  21.9 22.3
 28 SJ162644.64+422529.7  16 26 44.64 42 25 29.7  130 0.18960  18.4  17.0  19.6 20.3
 29 SJ162647.80+423205.7  16 26 47.80 42 32 05.7  123 0.22025  20.3  18.7  21.2 21.8
 30 SJ162651.30+422709.9  16 26 51.30 42 27 09.9   19 0.18770  21.4  20.3  22.2 22.7
 31 SJ162652.56+422836.6  16 26 52.56 42 28 36.6    6 0.22138  20.8  19.5  21.3 22.0
 32 SJ162706.47+422500.2  16 27 06.47 42 25 00.2   29 0.18812  18.9  17.5  20.0 20.3
 33 SJ162710.80+422753.5  16 27 10.80 42 27 53.5  120 0.17128  19.6  18.1  20.8 21.5
 34 SJ162716.61+424205.6  16 27 16.61 42 42 05.6  167 0.0      22.8  22.0  22.0 22.4
 35 SJ162720.95+424951.1  16 27 20.95 42 49 51.1  134 0.0      20.4  18.8  21.1 22.5
 36 SJ162721.54+425148.4  16 27 21.54 42 51 48.4  105 0.0      22.8  21.6  22.5 23.8
 37 SJ162737.70+423817.6  16 27 37.70 42 38 17.6  105 0.0      15.4* 13.9* 19.6 21.5
 38 SJ162750.22+430105.7  16 27 50.22 43 01 05.7   55 0.18927  20.2  19.1  20.6 20.9
 39 SJ162843.80+422618.2  16 28 43.80 42 26 18.2   43 0.0      20.9  19.9  21.6 22.0
