  1 HIJ162451.47+422835.4 16 24 51.47 42 28 35.4 0.18956  922.2 128.5  6.5 100.2  11.3  27.7  2.3  4.67 0.38 3
  2 HIJ162453.90+422819.1 16 24 53.90 42 28 19.1 0.18915  920.2  93.6  5.5  70.8   6.0  20.1  1.6  3.38 0.27 2
  3 HIJ162508.17+423409.0 16 25 08.17 42 34 09.0 0.18746  910.8 154.2 10.5  67.2   8.5  23.7  1.3  3.91 0.22 2
  4 HIJ162510.48+424033.8 16 25 10.48 42 40 33.8 0.18727  909.9 262.7  8.5 237.9  12.5  35.1  1.8  5.78 0.3  3
  5 HIJ162515.22+423059.6 16 25 15.22 42 30 59.6 0.18656  906.1 201.8  9.0 167.8  14.5  42.3  2.0  6.91 0.33 2
  6 HIJ162528.35+424708.7 16 25 28.35 42 47 08.7 0.18914  919.9 140.2  5.5  94.9  11.0  57.2  2.0  9.61 0.34 2
  7 HIJ162533.39+423737.8 16 25 33.39 42 37 37.8 0.20094  984.0 293.0 12.6 263.2  17.7  26.9  2.0  5.12 0.38 1
  8 HIJ162536.15+425559.3 16 25 36.15 42 55 59.3 0.16842  809.0 169.7 19.4 140.9  16.7  25.9  2.4  3.42 0.32 2
  9 HIJ162536.33+424132.7 16 25 36.33 42 41 32.7 0.19046  927.1  84.5  9.3  60.1  10.5  19.0  1.8  3.23 0.3  2
 10 HIJ162544.48+424955.2 16 25 44.48 42 49 55.2 0.17005  817.6 301.2 13.3 255.2  20.4  69.7  3.7  9.4  0.5  3
 11 HIJ162548.25+422633.2 16 25 48.25 42 26 33.2 0.18993  924.4 120.7  8.8  86.9   6.8  37.3  1.8  6.33 0.3  2
 12 HIJ162556.66+422421.2 16 25 56.66 42 24 21.2 0.19008  925.2 149.8 17.5 105.2  17.0  16.0  1.4  2.72 0.24 2
 13 HIJ162557.88+425320.7 16 25 57.88 42 53 20.7 0.16869  810.5 475.1  8.6 452.9   6.6  83.9  4.1 11.13 0.55 1
 14 HIJ162558.15+422650.8 16 25 58.15 42 26 50.8 0.18874  917.6 288.8  7.3 257.2   6.8  75.8  2.7 12.68 0.45 1
 15 HIJ162559.73+424240.3 16 25 59.73 42 42 40.3 0.17507  844.4 225.1 12.9 178.1  34.1  31.0  2.3  4.43 0.33 2
 16 HIJ162602.94+425053.5 16 26 02.94 42 50 53.5 0.1888   918.1 328.1 16.5 226.0  21.5  25.3  1.9  4.23 0.32 2
 17 HIJ162607.60+424126.7 16 26 07.60 42 41 26.7 0.19014  925.4 375.6 11.5 270.6  20.0  42.5  2.0  7.22 0.33 3
 18 HIJ162607.84+424218.2 16 26 07.84 42 42 18.2 0.18975  923.3 235.4  8.3 210.4  13.8  19.0  1.3  3.22 0.23 2
 19 HIJ162611.86+425158.2 16 26 11.86 42 51 58.2 0.18813  914.6 133.1 13.3  81.0  19.8  24.8  1.7  4.12 0.28 2
 20 HIJ162613.28+423307.4 16 26 13.28 42 33 07.4 0.22403 1111.4 147.6  6.7 128.1   8.2  21.9  1.4  5.22 0.33 3
 21 HIJ162614.39+424632.3 16 26 14.39 42 46 32.3 0.1917   933.7 237.3  9.0 197.7  38.4  28.6  1.7  4.94 0.29 3
 22 HIJ162616.29+423347.7 16 26 16.29 42 33 47.7 0.22421 1112.5  62.4  7.7  26.0  10.1   5.2  0.5  1.25 0.13 3
 23 HIJ162616.50+424709.4 16 26 16.50 42 47 09.4 0.19054  927.6 149.6 21.3  93.7  24.1  16.9  1.7  2.87 0.29 2
 24 HIJ162618.03+423811.8 16 26 18.03 42 38 11.8 0.19084  929.2 381.3  8.8 360.5   9.3  29.3  1.7  5.01 0.3  1
 25 HIJ162623.68+423942.3 16 26 23.68 42 39 42.3 0.17154  825.6 170.4  5.9 147.5   8.9  28.2  2.0  3.87 0.28 2
 26 HIJ162631.59+424316.2 16 26 31.59 42 43 16.2 0.19136  932.0 188.1  6.0 147.5  18.8  32.6  1.3  5.61 0.23 2
 27 HIJ162644.27+423915.5 16 26 44.27 42 39 15.5 0.19056  927.7 278.4  7.5 251.6  16.0  22.8  1.7  3.89 0.29 1
 28 HIJ162644.34+422535.4 16 26 44.34 42 25 35.4 0.18924  920.5 200.0 13.5 156.7  14.0  37.4  2.3  6.3  0.38 3
 29 HIJ162647.77+423204.0 16 26 47.77 42 32 04.0 0.22062 1092.9 211.5  7.5 187.1   7.5  31.5  1.9  7.27 0.43 1
 30 HIJ162651.87+422710.8 16 26 51.87 42 27 10.8 0.18759  911.6 278.7  6.5 229.2  17.0  24.5  1.5  4.04 0.25 1
 31 HIJ162652.61+422839.4 16 26 52.61 42 28 39.4 0.22086 1094.3 279.9  9.8 249.5  12.6  26.2  1.9  6.07 0.45 3
 32 HIJ162706.48+422458.6 16 27 06.48 42 24 58.6 0.18813  914.6 379.4  8.3 353.4   5.3 123.9  3.7 20.58 0.62 1
 33 HIJ162711.02+422758.8 16 27 11.02 42 27 58.8 0.17253  831.2 167.6 17.8 118.2  12.1  46.6  2.3  6.48 0.31 2
 34 HIJ162716.67+424203.3 16 27 16.67 42 42 03.3 0.18974  923.3 138.2  9.5  78.9  14.8  20.3  1.3  3.43 0.22 2
 35 HIJ162720.61+424947.4 16 27 20.61 42 49 47.4 0.22009 1089.9 204.2 22.3 160.5  19.5  20.3  1.5  4.68 0.35 2
 36 HIJ162720.90+425159.4 16 27 20.90 42 51 59.4 0.17374  837.4 190.5 21.7 114.1  25.7  19.4  1.6  2.74 0.23 2
 37 HIJ162738.09+423814.7 16 27 38.09 42 38 14.7 0.20066  982.8 140.0  7.8 117.0  10.6  18.6  2.1  3.54 0.4  2
 38 HIJ162750.18+430109.2 16 27 50.18 43 01 09.2 0.18882  918.3 117.6  9.5  74.8  17.3  30.6  2.2  5.12 0.37 2
 39 HIJ162844.33+422617.8 16 28 44.33 42 26 17.8 0.17095  822.5 212.2 25.1 178.7  17.7  54.9  3.7  7.48 0.51 2
