  1 HIJ101439.00+385444.8 10 14 39.00 38 54 44.8 0.17361  836.7 110.2  9.4  83.7  11.4  48.1  4.2  6.77 0.59 2
  2 HIJ101523.89+390949.7 10 15 23.89 39 09 49.7 0.1904   926.7 349.1  9.8 323.3   9.5  32.4  1.7  5.51 0.3  1
  3 HIJ101535.30+385740.8 10 15 35.30 38 57 40.8 0.21954 1086.8 222.6 10.3 170.0  20.8  16.2  1.4  3.7  0.33 3
  4 HIJ101536.08+384540.9 10 15 36.08 38 45 40.9 0.20575 1010.5 222.6 20.1 179.7  17.0  40.5  2.9  8.1  0.58 2
  5 HIJ101536.90+390339.7 10 15 36.90 39 03 39.7 0.2104  1036.3 206.6 32.6 133.0  20.4  25.8  1.7  5.39 0.37 2
  6 HIJ101540.21+384919.4 10 15 40.21 38 49 19.4 0.20356  998.5 257.4 28.6 163.4  44.1  46.9  2.3  9.16 0.46 3
  7 HIJ101600.44+385211.7 10 16 00.44 38 52 11.7 0.20861 1026.3 126.2 10.4 104.3  12.0  18.2  1.7  3.74 0.36 2
  8 HIJ101606.37+385128.0 10 16 06.37 38 51 28.0 0.20739 1019.7 257.0 23.1 189.3  29.7  37.3  2.1  7.58 0.43 2
  9 HIJ101611.10+384921.7 10 16 11.10 38 49 21.7 0.20674 1016.0 407.5  8.1 380.3  10.4  66.0  2.9 13.32 0.59 3
 10 HIJ101613.62+390438.4 10 16 13.62 39 04 38.4 0.18954  922.2 372.1 15.3 315.0  17.8  50.0  2.0  8.44 0.34 3
 11 HIJ101614.58+385123.2 10 16 14.58 38 51 23.2 0.20679 1016.6 255.8 21.3 211.6  20.8  33.4  1.8  6.76 0.37 3
 12 HIJ101617.91+384254.2 10 16 17.91 38 42 54.2 0.17046  819.9 109.1  8.1  78.4  12.6  32.6  2.9  4.42 0.39 2
 13 HIJ101618.31+384251.6 10 16 18.31 38 42 51.6 0.20105  984.9 124.9 17.2  84.9  15.9  26.8  2.4  5.11 0.45 2
 14 HIJ101620.93+390804.8 10 16 20.93 39 08 04.8 0.2067  1015.8 222.5 10.4 152.2  40.4  12.7  1.2  2.56 0.24 2
 15 HIJ101621.10+391550.8 10 16 21.10 39 15 50.8 0.16722  802.7 260.7 15.0 211.1  33.4  34.2  1.9  4.46 0.25 2
 16 HIJ101623.51+390953.7 10 16 23.51 39 09 53.7 0.21013 1034.7 120.5 13.0  75.7  14.5  13.4  0.9  2.8  0.19 2
 17 HIJ101624.03+390741.4 10 16 24.03 39 07 41.4 0.20173  988.6 171.0 10.9 103.0  18.0  15.9  1.2  3.05 0.22 2
 18 HIJ101625.05+384401.9 10 16 25.05 38 44 01.9 0.2076  1020.4 291.3 20.1 232.1  53.1  34.2  2.3  6.97 0.46 2
 19 HIJ101625.06+391104.0 10 16 25.06 39 11 04.0 0.1676   804.8 359.1 16.0 310.2  17.7  59.8  3.4  7.83 0.45 3
 20 HIJ101626.57+391900.1 10 16 26.57 39 19 00.1 0.21746 1075.2 375.2 13.6 338.0  15.1  82.6  3.8 18.51 0.84 2
 21 HIJ101627.94+390459.4 10 16 27.94 39 04 59.4 0.16541  793.5 297.3 10.8 205.3  15.2  31.3  1.8  3.99 0.23 3
 22 HIJ101628.33+390932.3 10 16 28.33 39 09 32.3 0.21055 1037.1 173.3 10.2 119.8  11.2  44.9  2.0  9.42 0.43 2
 23 HIJ101629.00+391257.8 10 16 29.00 39 12 57.8 0.21043 1036.1 396.2 16.1 260.2  12.7  93.1  2.9 19.49 0.61 3
 24 HIJ101636.32+384437.8 10 16 36.32 38 44 37.8 0.20746 1020.3 276.0 18.0 149.2  31.3  32.5  2.1  6.62 0.42 2
 25 HIJ101640.22+391706.5 10 16 40.22 39 17 06.5 0.20299  995.5 321.9 20.3 219.6  23.6  30.8  1.8  5.99 0.35 2
 26 HIJ101640.53+385427.6 10 16 40.53 38 54 27.6 0.20157  987.6 230.4  7.3 201.6  14.2  16.7  1.0  3.2  0.19 2
 27 HIJ101641.11+391025.1 10 16 41.11 39 10 25.1 0.21047 1036.3 334.6 22.2 256.1  10.4  53.4  2.0 11.19 0.41 3
 28 HIJ101642.43+390134.5 10 16 42.43 39 01 34.5 0.16469  789.7 182.7  4.7 115.2  15.2  49.0  2.3  6.19 0.3  2
 29 HIJ101642.56+385905.1 10 16 42.56 38 59 05.1 0.16877  809.9 379.4 42.8 241.9  10.6  52.1  2.3  6.9  0.3  3
 30 HIJ101643.13+391512.8 10 16 43.13 39 15 12.8 0.21841 1080.6  97.2 15.9  61.6  16.4  15.5  1.8  3.51 0.4  2
 31 HIJ101644.55+390744.6 10 16 44.55 39 07 44.6 0.20788 1022.4 257.1 21.4 205.4  22.9  19.9  1.3  4.07 0.27 3
 32 HIJ101645.59+391946.1 10 16 45.59 39 19 46.1 0.16913  812.5 313.5 14.3 143.7  32.5  69.0  3.3  9.19 0.44 2
 33 HIJ101646.39+384721.5 10 16 46.39 38 47 21.5 0.20896 1028.2 116.8 12.0  81.2   8.9  13.6  1.1  2.81 0.22 2
 34 HIJ101646.41+384953.8 10 16 46.41 38 49 53.8 0.20074  982.8 223.7  6.1 166.8  21.0  31.7  2.0  6.03 0.38 2
 35 HIJ101646.99+390903.0 10 16 46.99 39 09 03.0 0.2095  1031.3 151.2 27.0 111.8  14.8  12.3  0.9  2.54 0.18 2
 36 HIJ101657.55+385312.9 10 16 57.55 38 53 12.9 0.19824  969.7 545.8 22.2 451.2  21.7  52.8  4.2  9.78 0.77 3
 37 HIJ101701.14+384258.2 10 17 01.14 38 42 58.2 0.20328  996.9 266.7 21.5 219.9  23.0  22.2  1.7  4.32 0.33 2
 38 HIJ101701.41+390009.2 10 17 01.41 39 00 09.2 0.16459  789.0 137.5  4.4 120.9   7.8  23.3  1.7  2.93 0.21 3
 39 HIJ101702.04+385149.1 10 17 02.04 38 51 49.1 0.21622 1067.3 270.9 13.8 222.2  12.0  31.4  1.5  6.93 0.34 3
 40 HIJ101702.64+385109.6 10 17 02.64 38 51 09.6 0.20587 1011.2 341.4  6.9 298.8   5.6  65.5  2.4 13.1  0.48 3
 41 HIJ101703.64+391014.5 10 17 03.64 39 10 14.5 0.21937 1085.9 258.2 23.6 221.3  13.1  12.4  0.7  2.83 0.17 3
 42 HIJ101704.83+391806.8 10 17 04.83 39 18 06.8 0.20794 1022.5 188.2 16.0 125.1  19.1  24.4  1.9  4.98 0.38 2
 43 HIJ101705.07+384250.6 10 17 05.07 38 42 50.6 0.18094  875.8 354.5 26.4 252.6  14.7  56.7  3.0  8.69 0.45 2
 44 HIJ101705.47+391018.1 10 17 05.47 39 10 18.1 0.2197  1087.6 178.7  9.2  82.4  12.6  12.6  1.1  2.89 0.24 2
 45 HIJ101705.51+384927.4 10 17 05.51 38 49 27.4 0.20401 1000.8 445.6 18.5 393.6  13.4  43.0  2.3  8.44 0.45 1
 46 HIJ101708.63+385927.0 10 17 08.63 38 59 27.0 0.20792 1022.6 174.2  9.9 133.0  29.0  27.8  2.1  5.68 0.42 2
 47 HIJ101709.38+391800.2 10 17 09.38 39 18 00.2 0.21938 1085.9 112.4  8.0  78.8   9.5  14.4  0.9  3.3  0.21 2
 48 HIJ101709.40+391138.3 10 17 09.40 39 11 38.3 0.21842 1080.6 259.8 11.0 227.5  14.4  27.7  1.3  6.26 0.29 1
 49 HIJ101710.92+384721.4 10 17 10.92 38 47 21.4 0.20699 1017.2 333.9 36.1 155.7  30.7  35.3  2.1  7.14 0.42 2
 50 HIJ101711.87+385419.0 10 17 11.87 38 54 19.0 0.21613 1067.8 308.0 15.6 228.1  40.7  38.0  2.6  8.41 0.58 2
 51 HIJ101712.15+390300.7 10 17 12.15 39 03 00.7 0.1994   975.8 216.4  8.8 168.4  10.9  14.5  1.0  2.71 0.19 2
 52 HIJ101712.30+391122.4 10 17 12.30 39 11 22.4 0.21041 1036.3 125.1 11.0  95.5  14.0   7.5  0.8  1.57 0.16 2
 53 HIJ101712.64+384429.1 10 17 12.64 38 44 29.1 0.20582 1011.0 186.3 10.4 154.6  21.1  11.8  1.1  2.36 0.23 2
 54 HIJ101717.31+391335.5 10 17 17.31 39 13 35.5 0.21079 1038.1 300.2  8.7 233.7  58.4  26.3  1.4  5.53 0.3  2
 55 HIJ101719.53+390557.3 10 17 19.53 39 05 57.3 0.21015 1034.7 230.8 12.2 164.1  38.0  47.9  2.3 10.01 0.48 2
 56 HIJ101719.65+385835.8 10 17 19.65 38 58 35.8 0.21746 1075.3 239.1 13.8 136.9  20.5  39.0  1.5  8.75 0.35 2
 57 HIJ101720.34+384607.3 10 17 20.34 38 46 07.3 0.20667 1015.6 264.2  5.1 157.2  33.5  24.8  1.8  5.01 0.37 2
 58 HIJ101720.60+391054.4 10 17 20.60 39 10 54.4 0.19808  968.2 432.5 28.2 291.8  23.7  47.4  2.6  8.75 0.48 3
 59 HIJ101722.26+390151.1 10 17 22.26 39 01 51.1 0.19864  972.0 119.6 27.3  78.2  16.7  13.3  1.2  2.48 0.22 2
 60 HIJ101723.55+392811.2 10 17 23.55 39 28 11.2 0.20279  994.4 206.1  9.4 168.6  10.4  66.4  3.7 12.89 0.72 3
 61 HIJ101723.56+390255.5 10 17 23.56 39 02 55.5 0.16871  810.5 267.4 12.3 246.8   6.6  17.0  1.3  2.25 0.18 1
 62 HIJ101724.32+383308.2 10 17 24.32 38 33 08.2 0.17935  867.9 284.0 11.4 207.3  10.9  91.5  5.0 13.79 0.75 3
 63 HIJ101725.27+390320.1 10 17 25.27 39 03 20.1 0.20822 1024.0 338.3  8.1 305.0  17.5  50.8  2.0 10.41 0.41 1
 64 HIJ101725.64+390520.3 10 17 25.64 39 05 20.3 0.16898  812.0 105.1 15.7  72.1  13.0  14.1  1.0  1.88 0.13 2
 65 HIJ101727.06+384146.0 10 17 27.06 38 41 46.0 0.20643 1014.4 130.3 13.2  85.3  12.4  28.7  2.0  5.77 0.4  2
 66 HIJ101727.24+390450.0 10 17 27.24 39 04 50.0 0.16843  809.0 113.6 21.9  75.5  13.8  12.8  1.0  1.69 0.13 2
 67 HIJ101727.44+384632.2 10 17 27.44 38 46 32.2 0.20104  984.8 449.0 21.5 363.1  14.4  52.0  2.7  9.91 0.51 3
 68 HIJ101728.35+385957.3 10 17 28.35 38 59 57.3 0.19947  976.1 209.1  6.1 158.6  18.4  12.8  1.0  2.4  0.18 2
 69 HIJ101728.95+390403.0 10 17 28.95 39 04 03.0 0.1695   815.2 311.7  6.9 220.3  14.8 135.7  2.2 18.2  0.3  3
 70 HIJ101729.42+384628.8 10 17 29.42 38 46 28.8 0.16879  811.0 119.1  8.9  91.3  16.5  17.9  1.5  2.37 0.21 2
 71 HIJ101729.58+385829.8 10 17 29.58 38 58 29.8 0.20381  999.8 318.5 10.6 285.1  23.1  17.7  1.0  3.48 0.19 2
 72 HIJ101730.09+383155.4 10 17 30.09 38 31 55.4 0.20453 1003.8 290.1 29.9 119.7  29.4  76.0  4.5 15.0  0.89 2
 73 HIJ101730.18+390409.9 10 17 30.18 39 04 09.9 0.16796  806.3 269.0 28.5 206.8  29.7  39.1  1.8  5.14 0.23 2
 74 HIJ101731.03+383425.9 10 17 31.03 38 34 25.9 0.20374  999.3 336.3 33.7 278.7  23.1  59.1  3.4 11.58 0.67 3
 75 HIJ101731.57+385401.7 10 17 31.57 38 54 01.7 0.2159  1066.8 259.0 19.5 117.7  38.1  26.6  1.9  5.88 0.42 2
 76 HIJ101734.23+391356.2 10 17 34.23 39 13 56.2 0.21791 1077.8 141.0 27.2  97.9  16.2   7.7  0.7  1.74 0.15 2
 77 HIJ101735.53+390410.4 10 17 35.53 39 04 10.4 0.20938 1030.5 372.7  9.2 279.0 339.9  56.0  3.0 11.59 0.61 3
 78 HIJ101737.25+391003.1 10 17 37.25 39 10 03.1 0.21788 1077.5 457.1 49.5 380.2  17.2  74.0  2.5 16.64 0.56 1
 79 HIJ101738.43+385436.1 10 17 38.43 38 54 36.1 0.20588 1011.4 363.8 13.7 274.9  17.5  38.3  1.9  7.66 0.38 3
 80 HIJ101738.96+384817.8 10 17 38.96 38 48 17.8 0.16788  806.3 414.5  8.6 311.7  24.1  54.1  2.8  7.11 0.36 2
 81 HIJ101739.35+390350.1 10 17 39.35 39 03 50.1 0.20007  979.2  92.0 11.6  61.1   7.1  12.9  0.8  2.43 0.15 2
 82 HIJ101739.56+391549.4 10 17 39.56 39 15 49.4 0.21802 1078.2 410.2 13.6 379.0   8.7  61.8  2.4 13.91 0.55 1
 83 HIJ101739.79+390051.4 10 17 39.79 39 00 51.4 0.20832 1024.7 190.3 13.0 154.1   7.9  34.8  1.2  7.13 0.25 2
 84 HIJ101740.82+390734.0 10 17 40.82 39 07 34.0 0.20853 1025.5 169.7  9.4 118.0  13.5  39.5  1.6  8.11 0.34 2
 85 HIJ101741.04+385400.4 10 17 41.04 38 54 00.4 0.21506 1061.9 176.7 28.6 124.6  12.8  15.6  1.1  3.41 0.23 2
 86 HIJ101742.36+390133.5 10 17 42.36 39 01 33.5 0.20761 1020.8 167.5  7.9 145.2   9.2  14.1  0.8  2.87 0.17 2
 87 HIJ101742.53+383359.1 10 17 42.53 38 33 59.1 0.20157  987.5 203.6  4.0 137.3  29.8  25.8  2.3  4.94 0.44 3
 88 HIJ101742.65+390104.7 10 17 42.65 39 01 04.7 0.20793 1022.5 335.1 12.0 307.4  12.5  17.5  1.0  3.58 0.21 1
 89 HIJ101742.99+384953.3 10 17 42.99 38 49 53.3 0.20655 1014.8 232.6 21.8 150.1  18.5  38.9  2.4  7.83 0.49 2
 90 HIJ101743.40+383425.0 10 17 43.40 38 34 25.0 0.20166  988.1 119.6  3.8  97.4  12.6  12.4  1.1  2.37 0.21 2
 91 HIJ101744.37+391220.1 10 17 44.37 39 12 20.1 0.21056 1037.1 252.5  7.6 195.2  56.3  25.6  1.6  5.37 0.34 3
 92 HIJ101744.58+390444.3 10 17 44.58 39 04 44.3 0.20033  981.0 162.7 12.4 117.2  10.9  16.0  0.9  3.02 0.16 2
 93 HIJ101748.32+390548.9 10 17 48.32 39 05 48.9 0.21947 1086.6 404.6 19.3 339.1  14.4  25.5  1.3  5.84 0.31 1
 94 HIJ101749.14+385401.5 10 17 49.14 38 54 01.5 0.20697 1017.5 328.5 10.7 238.3  39.4  40.4  2.1  8.19 0.43 2
 95 HIJ101751.11+390924.4 10 17 51.11 39 09 24.4 0.19962  976.6 243.9 24.0 140.2  42.9  34.9  2.1  6.54 0.4  2
 96 HIJ101752.16+385857.1 10 17 52.16 38 58 57.1 0.20169  988.2 468.7 15.2 368.8  56.7  97.9  2.8 18.77 0.54 3
 97 HIJ101752.28+390109.5 10 17 52.28 39 01 09.5 0.20259  993.3 276.9 13.7 158.0  89.4  22.4  2.4  4.34 0.47 2
 98 HIJ101756.24+383811.3 10 17 56.24 38 38 11.3 0.20424 1002.2 243.9 14.4 211.7  19.0  33.1  2.1  6.52 0.42 2
 99 HIJ101757.27+391032.7 10 17 57.27 39 10 32.7 0.19946  976.1 252.5 45.2 192.4  38.6  21.6  1.4  4.05 0.27 2
100 HIJ101759.55+390230.4 10 17 59.55 39 02 30.4 0.21766 1076.1 209.7 20.5 152.0  16.4  19.0  1.1  4.27 0.25 3
101 HIJ101759.95+390637.9 10 17 59.95 39 06 37.9 0.20966 1032.0 345.0 11.2 260.0  10.9  33.2  1.5  6.9  0.31 1
102 HIJ101800.01+391649.2 10 18 00.01 39 16 49.2 0.19884  972.6 339.9 21.5 293.2  62.1  42.4  3.0  7.89 0.57 2
103 HIJ101800.62+391745.8 10 18 00.62 39 17 45.8 0.20377  999.8 217.9 17.5  84.4  27.4  17.1  1.7  3.35 0.32 3
104 HIJ101801.79+390410.3 10 18 01.79 39 04 10.3 0.20227  991.5 144.0  8.6 111.6  10.4  10.9  0.9  2.1  0.18 2
105 HIJ101802.74+383713.4 10 18 02.74 38 37 13.4 0.20278  994.0 204.8 10.6 164.8   6.8  91.1  3.3 17.65 0.64 2
106 HIJ101803.78+385116.2 10 18 03.78 38 51 16.2 0.20448 1003.5 250.8 28.4 197.5  23.1  23.7  1.8  4.67 0.36 3
107 HIJ101803.86+384125.1 10 18 03.86 38 41 25.1 0.20546 1009.1 507.2 18.0 428.3  45.2  83.3  4.0 16.61 0.79 3
108 HIJ101806.12+390750.0 10 18 06.12 39 07 50.0 0.20802 1023.0 194.5 27.0 151.8  13.7  17.7  1.0  3.62 0.2  2
109 HIJ101809.30+390718.2 10 18 09.30 39 07 18.2 0.20745 1019.9 391.7  9.1 345.7  28.7  43.4  1.8  8.82 0.36 2
110 HIJ101809.30+390118.4 10 18 09.30 39 01 18.4 0.20419 1002.2 226.9 10.6 174.1  18.8  33.2  1.9  6.54 0.38 3
111 HIJ101818.30+390414.7 10 18 18.30 39 04 14.7 0.2167  1070.9 198.2  7.4 114.5  33.3  25.7  1.7  5.72 0.37 2
112 HIJ101819.92+390011.2 10 18 19.92 39 00 11.2 0.20586 1011.1 303.1 13.7 213.5  18.3  34.7  1.4  6.93 0.29 2
113 HIJ101826.50+390440.4 10 18 26.50 39 04 40.4 0.22013 1090.1 130.5 12.3  93.7  27.5  11.3  1.1  2.6  0.25 2
114 HIJ101831.52+392206.9 10 18 31.52 39 22 06.9 0.21759 1076.0 207.6 19.2 121.0  10.5 149.2  3.7 33.48 0.83 2
115 HIJ101832.84+392003.8 10 18 32.84 39 20 03.8 0.20415 1001.8 181.5  6.3 125.5  37.5  20.3  1.9  4.0  0.38 2
116 HIJ101832.89+391905.5 10 18 32.89 39 19 05.5 0.18658  906.3 211.3 25.7 145.4  27.0  49.3  2.8  8.06 0.46 2
117 HIJ101833.23+390403.3 10 18 33.23 39 04 03.3 0.20288  994.8 343.1 22.5 282.1   9.6  39.2  2.4  7.61 0.47 1
118 HIJ101835.11+385816.3 10 18 35.11 38 58 16.3 0.16669  800.1 380.7 18.2 309.7  38.6  75.1  3.5  9.72 0.46 1
119 HIJ101835.52+393033.1 10 18 35.52 39 30 33.1 0.20082  983.4 151.2 16.2 110.0  17.2  70.7  6.8 13.44 1.3  2
120 HIJ101836.50+383951.5 10 18 36.50 38 39 51.5 0.21792 1078.1 370.7 23.8 209.7  19.7  70.6  3.9 15.91 0.88 2
121 HIJ101846.20+385914.4 10 18 46.20 38 59 14.4 0.20128  985.9 254.4 24.0 197.7  35.4  42.0  3.0  8.03 0.58 3
122 HIJ101857.33+384526.0 10 18 57.33 38 45 26.0 0.17594  848.8 232.9 13.1 177.0  14.1  97.8  4.0 14.14 0.57 2
123 HIJ101903.22+390217.0 10 19 03.22 39 02 17.0 0.21708 1073.4 164.2  9.5 116.8  16.9  31.5  1.9  7.03 0.43 2
124 HIJ101914.04+391132.9 10 19 14.04 39 11 32.9 0.2043  1002.5 434.3  8.4 397.2  11.4  90.0  4.2 17.72 0.82 3
125 HIJ101934.16+383610.4 10 19 34.16 38 36 10.4 0.20055  981.9 330.3 12.6 294.7  13.1 229.3  8.1 43.46 1.54 3
126 HIJ101946.23+383611.4 10 19 46.23 38 36 11.4 0.20928 1030.2 150.7 11.2 104.1  18.8 152.0 14.4 31.48 2.99 2
127 HIJ101954.60+390853.7 10 19 54.60 39 08 53.7 0.1917   933.8 171.8  9.3 131.4  10.5  62.4  3.4 10.78 0.59 2
