  1 SJ101438.70+385445.0  10 14 38.70 38 54 45.0    2 0.17360  21.8  19.8  23.3 24.4
  2 SJ101523.65+390941.2  10 15 23.65 39 09 41.2   64 0.19030  20.0  18.5  21.5 22.2
  3 SJ101534.80+385746.4  10 15 34.80 38 57 46.4   39 0.0      22.4  21.0  22.9 23.7
  4 SJ101536.22+384532.7  10 15 36.22 38 45 32.7  168 0.20555  19.8  18.6  20.6 21.2
  5 SJ101537.01+390334.6  10 15 37.01 39 03 34.6   84 0.21040  21.2  19.7  22.1 22.6
  6 SJ101540.19+384913.7  10 15 40.19 38 49 13.7   89 0.20351  19.8  18.1  21.0 21.5
  7 SJ101600.10+385205.5  10 16 00.10 38 52 05.5   64 0.20866  21.2  20.1  21.5 22.0
  8 SJ101605.77+385121.6  10 16 05.77 38 51 21.6   23 0.0      21.4  20.3  22.6 23.1
  9 SJ101611.13+384924.3  10 16 11.13 38 49 24.3   89 0.20600  19.2  17.4  21.0 21.6
 10 SJ101613.68+390437.8  10 16 13.68 39 04 37.8   79 0.18949  20.5  18.8  22.2 22.8
 11 SJ101613.95+385122.4  10 16 13.95 38 51 22.4   60 0.20712  21.1  19.7  22.1 22.8
 12 iJ101617.72+384255.5  10 16 17.72 38 42 55.5   44 0.0      19.8* 18.9* 20.1 21.5
 13 SJ101618.23+384254.4  10 16 18.23 38 42 54.4   86 0.20107  19.8  18.4  20.9 21.5
 14 SJ101621.18+390757.7  10 16 21.18 39 07 57.7  176 0.20666  21.2  20.0  21.7 22.4
 15 SJ101620.90+391552.7  10 16 20.90 39 15 52.7  166 0.16719  21.6  20.3  22.4 23.1
 16 iJ101623.56+390954.5  10 16 23.56 39 09 54.5    0 0.0      16.2* 14.6* 21.2 21.9
 17 SJ101624.25+390742.4  10 16 24.25 39 07 42.4   62 0.20199  21.4  20.3  21.7 22.2
 18 SJ101625.10+384405.2  10 16 25.10 38 44 05.2  138 0.20750  22.2  20.9  23.3 23.5
 19 SJ101625.03+391101.0  10 16 25.03 39 11 01.0   53 0.16752  20.3  19.2  21.0 21.7
 20 SJ101626.35+391900.8  10 16 26.35 39 19 00.8   23 0.21737  21.1  19.1  22.0 22.8
 21 SJ101627.91+390457.6  10 16 27.91 39 04 57.6  154 0.16528  20.4  19.2  21.1 21.5
 22 SJ101628.18+390931.9  10 16 28.18 39 09 31.9   58 0.21035  19.1  17.8  20.3 21.3
 23 SJ101629.17+391256.0  10 16 29.17 39 12 56.0   21 0.21020  19.3  18.0  20.5 21.2
 24 SJ101636.11+384434.4  10 16 36.11 38 44 34.4   25 0.20774  20.9  19.5  20.8 21.5
 25 SJ101640.03+391706.1  10 16 40.03 39 17 06.1  153 0.0      22.7  21.6  22.5 22.9
 26 SJ101640.94+385449.5  10 16 40.94 38 54 49.5   18 0.0      20.5  18.0  23.1 23.5
 27 SJ101641.08+391025.7  10 16 41.08 39 10 25.7   83 0.21031  20.0  18.8  20.6 21.2
 28 SJ101642.81+390135.4  10 16 42.81 39 01 35.4   95 0.16498  19.7  18.7  20.5 21.2
 29 SJ101642.34+385900.5  10 16 42.34 38 59 00.5  133 0.16877  20.4  19.2  21.2 21.9
 30 SJ101643.17+391510.3  10 16 43.17 39 15 10.3   73 0.21835  20.9  19.5  21.5 22.1
 31 SJ101644.46+390744.6  10 16 44.46 39 07 44.6  128 0.20785  21.0  19.6  22.3 22.7
 32 SJ101645.41+391940.7  10 16 45.41 39 19 40.7   84 0.16879  20.8  19.2  20.6 21.1
 33 SJ101646.51+384720.3  10 16 46.51 38 47 20.3   71 0.20879  20.8  19.5  21.9 22.3
 34 SJ101645.33+384953.0  10 16 45.33 38 49 53.0  161 0.0      23.3  22.1  24.1 24.1
 35 SJ101646.94+390901.6  10 16 46.94 39 09 01.6   61 0.20969  21.1  20.0  21.4 21.9
 36 SJ101658.04+385323.9  10 16 58.04 38 53 23.9   96 0.0      22.3  20.7  22.5 23.3
 37 SJ101701.11+384258.9  10 17 01.11 38 42 58.9   87 0.20327  20.7  19.3  21.5 22.1
 38 SJ101701.54+390008.6  10 17 01.54 39 00 08.6   26 0.16495  20.9  19.8  21.4 21.7
 39 SJ101702.66+385143.1  10 17 02.66 38 51 43.1   80 0.21623  22.9  21.1  24.7  0.0
 40 SJ101702.77+385115.5  10 17 02.77 38 51 15.5  145 0.20558  21.3  19.7  22.9 23.4
 41 SJ101703.62+391018.0  10 17 03.62 39 10 18.0   88 0.21949  21.2  19.7  21.8 22.6
 42 SJ101705.11+391755.4  10 17 05.11 39 17 55.4  155 0.0      21.7  20.2  22.7 23.4
 43 SJ101704.47+384251.0  10 17 04.47 38 42 51.0   97 0.18100  21.4  19.5  22.4 23.0
 44 SJ101705.62+391016.1  10 17 05.62 39 10 16.1   58 0.0      21.6  20.4  22.0 22.3
 45 SJ101705.49+384924.8  10 17 05.49 38 49 24.8   92 0.20437  20.1  18.4  21.5 22.2
 46 SJ101708.63+385924.4  10 17 08.63 38 59 24.4   54 0.21000  21.6  20.4  21.8 22.3
 47 SJ101709.20+391800.5  10 17 09.20 39 18 00.5   15 0.21933  21.7  20.5  22.0 22.5
 48 SJ101709.09+391136.2  10 17 09.09 39 11 36.2   15 0.21835  21.1  19.8  21.8 22.3
 49 SJ101710.61+384714.8  10 17 10.61 38 47 14.8  155 0.20702  22.2  21.1  22.6 22.3
 50 SJ101711.90+385421.6  10 17 11.90 38 54 21.6   61 0.21607  21.9  20.1  24.3 24.5
 51 SJ101712.50+390254.7  10 17 12.50 39 02 54.7  131 0.0      21.5  19.7  23.2 23.4
 52 SJ101712.50+391124.3  10 17 12.50 39 11 24.3   70 0.21040  22.0  20.8  22.3 22.7
 53 SJ101712.30+384426.5  10 17 12.30 38 44 26.5   46 0.20574  21.1  19.6  22.1 22.7
 54 SJ101717.55+391334.5  10 17 17.55 39 13 34.5  136 0.21062  20.3  19.3  20.7 21.3
 55 SJ101719.62+390556.5  10 17 19.62 39 05 56.5   99 0.21008  21.0  19.8  21.6 22.0
 56 SJ101719.41+385833.7  10 17 19.41 38 58 33.7  129 0.21737  21.2  20.1  21.7 21.9
 57 SJ101719.92+384608.0  10 17 19.92 38 46 08.0   78 0.20620  20.9  19.5  21.7 22.0
 58 SJ101721.45+391052.0  10 17 21.45 39 10 52.0  105 0.19812  20.6  18.6  22.7 23.4
 59 SJ101722.03+390153.8  10 17 22.03 39 01 53.8  132 0.19892  20.4  19.0  21.4 21.9
 60 SJ101723.76+392801.3  10 17 23.76 39 28 01.3    1 0.20271  21.8  20.8  21.7 22.0
 61 SJ101723.76+390253.9  10 17 23.76 39 02 53.9  114 0.0      20.3  18.9  21.6 22.1
 62 SJ101724.17+383309.4  10 17 24.17 38 33 09.4  123 0.0      22.7  19.8  24.2  0.0
 63 SJ101725.11+390316.5  10 17 25.11 39 03 16.5   73 0.20815  20.4  18.8  21.7 22.2
 64 SJ101725.91+390522.2  10 17 25.91 39 05 22.2   89 0.16929  20.7  19.7  21.3 21.5
 65 SJ101727.08+384143.6  10 17 27.08 38 41 43.6   20 0.20658  19.7  18.0  20.9 21.3
 66 SJ101727.05+390453.2  10 17 27.05 39 04 53.2   86 0.0      21.9  21.0  21.8 22.4
 67 SJ101727.72+384627.8  10 17 27.72 38 46 27.8   69 0.20113  20.1  18.5  21.3 22.0
 68 SJ101728.04+385952.1  10 17 28.04 38 59 52.1   72 0.12000  20.9  19.7  21.4 22.0
 69 SJ101729.04+390402.8  10 17 29.04 39 04 02.8   67 0.16947  18.8  17.7  19.5 20.1
 70 SJ101729.66+384631.0  10 17 29.66 38 46 31.0   79 0.16870  21.6  20.3  22.3 22.6
 71 SJ101730.00+385830.6  10 17 30.00 38 58 30.6   68 0.20414  21.0  19.4  21.8 22.6
 72 SJ101730.24+383154.6  10 17 30.24 38 31 54.6  155 0.0      21.7  19.9  21.3 22.0
 73 SJ101730.01+390407.7  10 17 30.01 39 04 07.7   84 0.16780  19.8  18.7  20.6 21.3
 74 SJ101731.48+383418.3  10 17 31.48 38 34 18.3  106 0.20367  19.4  17.9  20.6 21.3
 75 SJ101731.91+385401.2  10 17 31.91 38 54 01.2   15 0.21563  20.7  19.4  21.6 22.1
 76 SJ101734.62+391353.5  10 17 34.62 39 13 53.5   79 0.21794  21.0  19.7  21.8 22.3
 77 SJ101735.30+390413.5  10 17 35.30 39 04 13.5   79 0.20927  20.5  19.0  21.5 22.2
 78 SJ101737.03+391005.8  10 17 37.03 39 10 05.8   86 0.21786  20.4  18.7  21.7 22.5
 79 SJ101738.53+385431.9  10 17 38.53 38 54 31.9  104 0.205906 20.7  19.2  21.4 22.0
 80 SJ101738.32+384806.7  10 17 38.32 38 48 06.7   84 0.16779  21.1  19.8  21.7 22.0
 81 SJ101739.14+390345.9  10 17 39.14 39 03 45.9  104 0.20023  21.0  19.8  21.2 21.9
 82 SJ101739.82+391547.9  10 17 39.82 39 15 47.9   94 0.21802  21.3  19.4  22.6 23.2
 83 IJ101739.86+390055.6  10 17 39.86 39 00 55.6  109 0.0      21.1  19.9  21.1 22.0
 84 SJ101740.72+390733.9  10 17 40.72 39 07 33.9   47 0.20861  20.3  19.2  20.9 21.3
 85 SJ101741.33+385358.5  10 17 41.33 38 53 58.5   23 0.21525  21.5  20.2  22.2 22.5
 86 SJ101742.42+390135.8  10 17 42.42 39 01 35.8   80 0.0      21.3  20.1  21.8 22.2
 87 SJ101742.86+383358.8  10 17 42.86 38 33 58.8  117 0.20160  22.2  20.7  23.0 25.1
 88 SJ101742.99+390105.4  10 17 42.99 39 01 05.4   98 0.20891  21.3  19.4  23.1 23.7
 89 SJ101742.98+384949.4  10 17 42.98 38 49 49.4   87 0.20668  21.8  20.7  22.3 22.4
 90 SJ101742.88+383414.4  10 17 42.88 38 34 14.4  159 0.0      23.0  21.5  23.7 24.6
 91 SJ101744.26+391217.7  10 17 44.26 39 12 17.7  167 0.21056  21.0  19.3  21.8 22.5
 92 SJ101744.57+390446.4  10 17 44.57 39 04 46.4   91 0.20048  20.8  19.5  21.6 22.2
 93 SJ101748.10+390544.4  10 17 48.10 39 05 44.4  122 0.21949  21.4  19.5  22.4 23.0
 94 SJ101748.72+385356.5  10 17 48.72 38 53 56.5  109 0.0      24.0  22.5  22.6 23.0
 95 SJ101751.16+390922.8  10 17 51.16 39 09 22.8  142 0.19959  21.0  19.9  21.6 22.1
 96 SJ101752.21+385857.3  10 17 52.21 38 58 57.3   30 0.20160  21.1  19.2  22.7 23.2
 97 SJ101752.29+390111.2  10 17 52.29 39 01 11.2   36 0.20256  21.6  20.4  21.9 22.2
 98 SJ101756.25+383807.3  10 17 56.25 38 38 07.3   54 0.20499  19.9  18.9  20.5 21.0
 99 SJ101757.22+391039.6  10 17 57.22 39 10 39.6  106 0.0      22.7  21.3  22.5 23.1
100 SJ101759.77+390238.7  10 17 59.77 39 02 38.7   35 0.21769  21.9  20.6   0.0 22.9
101 SJ101759.72+390636.5  10 17 59.72 39 06 36.5   22 0.20975  20.2  18.8  21.2 21.8
102 SJ101759.13+391658.1  10 17 59.13 39 16 58.1   55 0.19875  22.1  20.6  23.4 24.0
103 SJ101800.16+391743.6  10 18 00.16 39 17 43.6  175 0.20580  21.8  20.7  22.4 22.9
104 SJ101801.71+390407.2  10 18 01.71 39 04 07.2  179 0.20224  22.7  21.4  23.0 23.4
105 SJ101802.66+383703.9  10 18 02.66 38 37 03.9  166 0.20271  19.8  18.6  20.6 21.0
106 SJ101803.84+385107.1  10 18 03.84 38 51 07.1   26 0.20447  22.4  21.5  21.8 22.9
107 SJ101803.65+384119.7  10 18 03.65 38 41 19.7  111 0.20560  19.3  17.7  20.3 20.8
108 SJ101806.11+390753.2  10 18 06.11 39 07 53.2  115 0.20799  20.4  18.7  21.8 22.4
109 SJ101809.25+390716.6  10 18 09.25 39 07 16.6  107 0.20750  20.4  18.9  21.5 22.1
110 SJ101809.12+390118.5  10 18 09.12 39 01 18.5  137 0.20415  22.7  21.5  23.3 23.4
111 SJ101818.32+390418.1  10 18 18.32 39 04 18.1   99 0.21655  21.2  19.4  22.5 22.8
112 SJ101819.97+390009.6  10 18 19.97 39 00 09.6  175 0.20593  20.2  18.8  20.8 21.0
113 SJ101826.87+390434.9  10 18 26.87 39 04 34.9  155 0.22015  21.4  20.2  22.0 22.4
114 SJ101831.47+392158.2  10 18 31.47 39 21 58.2  147 0.21753  18.8  17.0  20.2 20.7
115 SJ101833.02+391954.8  10 18 33.02 39 19 54.8   89 0.20415  21.3  20.0  22.3 22.6
116 SJ101832.47+391912.3  10 18 32.47 39 19 12.3   69 0.18654  21.6  20.6  21.9 21.8
117 SJ101833.28+390356.5  10 18 33.28 39 03 56.5   83 0.20287  19.2  17.7  20.5 21.4
118 SJ101835.20+385816.9  10 18 35.20 38 58 16.9  133 0.16660  19.7  17.9  21.1 21.7
119 SJ101835.83+393032.8  10 18 35.83 39 30 32.8   96 0.20081  22.2  20.6  22.1 23.6
120 SJ101836.67+383949.7  10 18 36.67 38 39 49.7  103 0.21786  21.8  20.5  19.9 20.5
121 SJ101846.27+385915.1  10 18 46.27 38 59 15.1   69 0.20156  20.1  18.6  21.2 22.0
122 SJ101857.32+384517.6  10 18 57.32 38 45 17.6    5 0.0      19.8  18.3  21.1 21.7
123 SJ101903.39+390207.6  10 19 03.39 39 02 07.6  140 0.21704  21.5  20.1  22.2 22.8
124 SJ101913.95+391122.2  10 19 13.95 39 11 22.2   90 0.20415  19.8  18.2  21.0 21.8
125 SJ101933.54+383626.6  10 19 33.54 38 36 26.6    0 0.20050  18.9* 16.9*  0.0  0.0
126 SJ101944.68+383614.0  10 19 44.68 38 36 14.0    0 0.0      22.1* 19.6*  0.0  0.0
127 SJ101954.68+390844.26 10 19 54.68 39 08 44.26   0 0.0      22.4* 22.0* 20.4 21.2
