 5492 1  65.0  0.7   34.5 30.5 0.2  10 30  11  35  45 14
14602 1 -11.7  0.7   19.0 30.7 0.2  25 37  59  87  85 23
16209 2   9.4  1.3   19.0  9.6 0.2  65 28  67  29  86 22
16600 2   7.0  0.2   10.0  3.0 0.2 171 23 234  31  35 35
16905 3 -87.0  0.3  -56.0 31.0 0.4 131 63 135  65  80 24
17488 2  17.4  1.8   19.0  1.6 0.2   5 14   5  15  45  5
17673 1  -2.8  0.6    8.0 10.8 0.2  44 20  81  37  35 15
18177 2  83.1  0.4   56.0 27.1 0.4 161 50 172  53  90 26
19818 2 -86.6  1.4   56.0 37.4 0.3  24 21  40  35  80 13
20495 3  74.1  0.3   56.0 18.1 0.4 120 27 187  42  65 22
20569 1  22.5  1.8    8.0 14.5 0.2  31 27  34  30  36 15
20593 2  34.1  0.9   19.0 15.1 0.4 130 44 133  45  49 26
20883 1  29.8  2.1    8.0 21.8 0.2  51 36  58  41  89 14
21007 5 -59.5  0.4  117.0  3.5 0.2 136 24 227  40  39 40
21162 3 -82.7  0.7   19.0 78.3 0.2  52 19          80  6
21258 3 -52.7  1.4  117.0 10.3 0.4 101 78 104  80  55 38
21737 1 -19.6  0.6    8.0 27.6 0.2 157 29 212  39  30 31
21897 2 -24.5  0.7  120.5 35.0 0.2 136 20 146  21  55 17
22236 2 -15.7  1.5   19.0 34.7 0.2 110 32 123  35  50 23
22354 2  36.0  0.7   19.0 17.0 0.2  56 20 132  47  30 20
22783 1  32.1  1.5   10.0 22.1 0.2   5 38   5  41  40 16
23095 2 -70.9  0.5  120.5 11.4 0.2 200 42 301  63  34 36
23632 2  88.3  1.2   78.5  9.8 0.2  34 18  35  18  39  8
25715 1 -39.7  0.9  120.5 19.8 0.2  75 43 262 150 109 23
25973 3  33.0  0.8   19.0 14.0 0.2  79 21  98  26  40 15
26050 1 -53.0  0.6  117.0 10.0 0.3 222 33 224  33  50 24
26177 2 -20.1  0.2  120.5 39.4 0.2  74 18 174  42  45 13
26736 2 -35.2  0.5  -10.0 25.2 0.2 242 35 272  39  75 42
 1826 1 -11.7  1.2   32.0 43.7 0.3  30 30  31  31  49 12
 2815 2 -12.8  3.4   32.0 44.8 0.3  29 40  37  52  64 12
 4106 2 -29.5  0.4   32.0 61.5 0.3  82 64         129 25
 4476 1  68.0  2.4  106.9 38.9 0.3  90 37  91  37  60 25
 4714 1 -47.9  1.2  106.9 25.2 0.3  68 38 119  66  84 30
 4925 3 -29.0  1.2  -21.5  7.5 0.2 318 35 448  49  25 61
 4962 3  24.9  3.9   32.0  7.1 0.2 124 25 150  30  55 20
 9157 3  14.6  0.8  106.9 87.7 0.3  64 22          85 15
 9190 3 -84.2  1.6   32.0 63.8 0.2  21 28          36 18
10230 1  -8.3  7.7  -53.0 44.7 0.3  50 26  50  26  45 20
11525 2  44.7  2.7   32.0 12.7 0.2 256 32 276  34  10 52
13230 1  22.1 18.5  -21.5 43.6 0.3  10 22  10  23  75  7
13678 1 -34.9  0.2  -53.0 18.1 0.3  60 25  64  26  61  8
14428 1 -68.3  5.6  -53.0 15.3 0.2  82 24 157  46  71 14
15497 1   7.9 21.9   32.0 24.1 0.2  49 31  73  46  54 20
16028 1 -71.4  5.8  -53.0 18.4 0.2 203 36 306  54 110 36
16260 1 -63.0 10.3  -53.0 10.0 0.2 200 48 307  73  85 51
10404 1  52.2  1.8 -297.0 10.8 0.2 100 33 114  37  74 14
12138 1  67.3  1.9 -297.0  4.3 0.1  46 17  46  17  55 10
14004 1  40.6  1.3 -297.0 22.4 0.2 248 68 296  81  15 83
14042 1  34.9  0.9 -297.0 28.1 0.3  50 26  50  26  70  8
