 5492 03 32 41.78 -27 51 35.28 1.67 22.51 10.39 1.95 0.57
14602 03 32 14.66 -27 47 02.70 1.73 22.37 10.18 1.44 0.91
16209 03 32 15.82 -27 46 22.36 1.33 23.47  9.36 0.23 0.34
16600 03 32 30.71 -27 46 17.17 1.31 21.20 10.51 1.59 0.70
16905 03 32 15.75 -27 46 04.32 1.54 22.15 10.13 2.05 0.32
17488 03 32 20.18 -27 45 49.31 1.61 23.16  9.46 1.15 0.41
17673 03 32 33.86 -27 45 42.65 1.62 22.69 10.05 1.68 0.85
18177 03 32 12.48 -27 45 30.42 1.38 22.03 10.19 1.57 0.41
19818 03 32 18.07 -27 44 33.44 1.38 22.43  9.23 1.31 0.81
20495 03 32 11.86 -27 44 13.38 1.33 21.30 10.43 1.69 0.78
20569 03 32 29.19 -27 44 13.21 1.47 23.89  9.24 1.44 0.49
20593 03 32 12.77 -27 44 07.77 1.61 23.13 10.26 1.49 0.29
20883 03 32 26.77 -27 43 58.22 1.61 23.43  9.88 1.14 0.51
21007 03 32 31.83 -27 43 56.26 1.55 21.80 10.67 1.55 0.81
21162 03 32 23.95 -27 43 49.09 1.31 22.16  9.79 1.02 0.87
21258 03 32 30.75 -27 43 45.34 1.43 23.17  9.37 0.93 0.33
21737 03 32 30.14 -27 43 35.44 1.60 22.55 10.20 1.08 0.69
21897 03 32 34.08 -27 43 28.43 1.60 22.44  9.82 1.51 0.42
22236 03 32 26.19 -27 43 17.38 1.61 23.09  9.61 1.03 0.49
22354 03 32 13.66 -27 43 13.08 1.47 22.45  9.67 1.28 0.91
22783 03 32 26.30 -27 43 01.89 1.55 23.11  9.83 0.71 0.46
23095 03 32 38.50 -27 42 27.89 1.61 21.93 10.39 1.65 0.76
23632 03 32 28.13 -27 42 48.27 1.61 23.35  9.45 1.01 0.33
25715 03 32 22.72 -27 41 40.74 1.61 22.12 10.34 1.60 0.96
25973 03 32 26.08 -27 41 38.49 1.54 22.74  9.84 0.92 0.62
26050 03 32 13.89 -27 41 58.29 1.32 22.57  9.64 1.78 0.24
26177 03 32 27.28 -27 42 05.20 1.61 21.11 10.65 1.73 0.91
26736 03 32 26.41 -27 42 28.30 1.61 22.21 10.18 2.09 0.49
 1826 12 36 18.78 +62 08 39.70 2.30 23.03  9.79 1.12 0.32
 2815 12 36 35.56 +62 09 20.33 2.36 23.26  9.71 1.11 0.66
 4106 12 36 39.37 +62 10 06.60 2.35 22.40 10.65 1.58 0.31
 4476 12 36 13.13 +62 10 21.11 2.24 23.50  9.89 0.95 0.27
 4714 12 36 36.08 +62 10 29.90 2.31 23.01 10.17 1.03 0.83
 4925 12 36 11.51 +62 10 33.72 2.25 22.52 10.92 1.73 0.72
 4962 12 36 18.77 +62 10 37.28 2.27 23.56  9.68 1.12 0.59
 9157 12 36 13.56 +62 12 21.58 2.44 23.13  9.90 1.75 0.48
 9190 12 36 18.27 +62 12 22.18 2.44 23.38  9.85 1.13 0.89
10230 12 37 06.71 +62 12 44.61 2.21 23.23 10.21 0.94 0.17
11525 12 36 26.94 +62 13 17.86 2.40 23.91  9.48 2.11 0.42
13230 12 36 09.05 +62 13 59.03 2.05 24.83  9.96 1.19 0.37
13678 12 36 44.08 +62 14 10.10 2.27 26.53  9.66 0.82 0.41
14428 12 36 35.59 +62 14 24.01 2.02 25.47 11.79 3.61 0.86
15497 12 36 21.74 +62 14 52.85 2.21 26.28 10.06 1.14 0.76
16028 12 36 51.82 +62 15 04.72 2.19 26.38 10.76 1.00 0.76
16260 12 37 00.46 +62 15 08.86 2.33 24.82 10.92 1.14 0.77
10404 02 17 35.93 -05 13 05.20 2.31 22.92 10.04 1.55 0.51
12138 02 17 48.89 -05 12 30.38 2.25 23.26  9.98 1.24 0.28
14004 02 17 30.72 -05 11 56.22 2.39 23.25 10.46 1.54 0.57
14042 02 17 32.78 -05 11 55.93 2.15 22.65  9.97 1.52 0.27
