SAMI_original   8353 0 1.788905337877837 1.034653097256531E-02  8.99836 0.2 -21.189 0.088
SAMI_original   8485 1 1.902183713643622 9.061742469334163E-03  9.23907 0.2 -20.416 0.056
SAMI_original   8562 0 1.303200687647234 4.741033391807465E-02  8.04113 0.2 -18.126 0.584
SAMI_original   8570 0 1.555218463707873 8.593867726937678E-03  8.79927 0.2 -20.547 0.080
SAMI_original   9352 0 1.470026247806805 7.753290498184803E-03  8.70416 0.2 -20.349 0.039
SAMI_original  15220 0 1.431316822172583 2.873275685214669E-02  8.57232 0.2 -20.503 0.018
SAMI_original  16026 1 2.236946715264699 8.977183673866494E-03 10.00010 0.2 -23.438 0.009
SAMI_original  16487 1 1.894027817274927 4.494500828348094E-02  9.24232 0.2 -21.775 1.000
SAMI_original  22633 0 1.734870712688930 3.659478170470797E-02  9.84190 0.2 -23.245 0.145
SAMI_original  22839 1 1.872750368401024 7.505424881931512E-03  9.18729 0.2 -21.271 0.080
SAMI_original  22887 1 2.207279189675994 7.904932590193071E-03 10.41240 0.2 -23.736 0.010
SAMI_original  23070 0 2.304507851000423 2.164468039445315E-02 10.85500 0.2 -24.527 0.017
SAMI_original  23117 1 2.461285635455485 9.214261005154645E-03 11.09510 0.2 -25.334 0.015
SAMI_original  23337 1 2.062744556429718 1.721219734480959E-02  9.81799 0.2 -21.696 0.037
SAMI_original  23565 1 2.181540619566908 7.035988461606152E-03 10.19760 0.2 -23.372 0.019
SAMI_original  23619 0 2.340319490585366 9.812658766011865E-03 11.12620 0.2 -24.878 0.012
SAMI_original  23669 0 1.519234579668823 1.900906118768689E-02  8.12530 0.2 -19.125 0.110
SAMI_original  24414 1 1.725271276735133 1.801551341206816E-02  8.22246 0.2 -18.547 0.182
SAMI_original  24433 1 1.869452921675381 4.644793045247180E-03  9.08365 0.2 -20.736 0.633
SAMI_original  30377 0 1.476932288491178 5.047515847361999E-02  7.74262 0.2 -18.474 0.604
SAMI_original  30890 1 2.045375771739338 1.064361217110786E-02  9.54812 0.2 -22.190 0.027
SAMI_original  37050 1 1.853975899747032 1.302141345822936E-02  8.70076 0.2 -20.690 0.129
SAMI_original  41144 1 2.220020317161069 6.774748062562887E-03 10.46050 0.2 -23.722 0.005
SAMI_original  41164 0 1.774734582663125 6.631618890838441E-03  8.19820 0.2 -18.859 0.071
SAMI_original  41173 0 1.452953808445692 1.136052207332603E-02  7.54863 0.2 -18.521 0.106
SAMI_original  47286 0 1.638349011710330 1.817537573188221E-02  8.20306 0.2 -19.076 0.042
SAMI_original  47342 1 2.066438606696730 6.718199137442204E-03  9.60470 0.2 -22.669 0.035
SAMI_original  47500 0 1.831420933577931 2.158698148443790E-02  9.08200 0.2 -21.771 0.008
SAMI_original  47535 0 1.678375022155491 1.420104076483173E-02  7.81175 0.2 -19.423 0.107
SAMI_original  49857 0 1.688553058423692 4.427837614991498E-03  9.02951 0.2 -21.594 0.111
SAMI_original  53809 0 1.833250441964673 7.146506390334174E-03  8.79430 0.2 -20.622 0.028
SAMI_original  55537 1 2.284279523304411 5.142550373650360E-03 10.43200 0.2 -23.943 0.063
SAMI_original  56061 0 1.755193724077550 1.404458560685187E-02  9.01459 0.2 -20.583 0.061
SAMI_original  56064 1 2.138539743785060 8.007639114375242E-03 10.55380 0.2 -23.579 0.024
SAMI_original  56140 1 2.570214637390308 1.125986190828851E-02 11.37050 0.2 -25.842 0.006
SAMI_original  64087 0 2.130409922317301 1.216391671352068E-02 10.13280 0.2 -23.638 0.032
SAMI_original  65278 1 1.797290743198031 8.605634460478904E-03  8.72878 0.2 -20.723 0.087
SAMI_original  65410 0 2.063781751523110 8.728192944768180E-03 10.08670 0.2 -22.753 0.012
SAMI_original  69653 0 1.708437256737301 1.973617880018659E-02  7.77114 0.2 -19.484 0.150
SAMI_original  77754 1 2.222517041042489 9.480245146836137E-03 10.18750 0.2 -24.215 0.009
SAMI_original  78531 0 2.472601260110107 8.571390913913906E-03 10.35230 0.2 -24.527 0.016
SAMI_original  79693 1 2.091457785062894 1.253181873159175E-02  9.89249 0.2 -22.583 0.205
SAMI_original  79710 0 1.648033495853354 1.678583554004913E-02  8.63212 0.2 -19.503 0.624
SAMI_original  79771 1 1.912933635105108 1.068366416103010E-02  8.65976 0.2 -20.528 0.180
SAMI_original  79850 1 2.019052766591145 1.117963921698413E-02  9.55094 0.2 -22.160 0.108
SAMI_original  84048 0 1.678197459342294 2.693819041910171E-02  8.36393 0.2 -19.410 0.048
SAMI_original  84677 1 2.279417153005424 7.222543263845672E-03 10.41890 0.2 -24.259 0.014
SAMI_original  84680 0 2.335776462313869 6.682019007619064E-02 10.64270 0.2 -23.589 0.019
SAMI_original  85416 1 2.284766523460914 8.596877581217919E-03  9.77725 0.2 -22.862 0.012
SAMI_original  85479 1 1.913436770992042 9.590129938427408E-03  9.22410 0.2 -20.941 0.057
SAMI_original  85481 1 1.861312791919547 9.554265163927204E-03  8.81974 0.2 -20.079 0.080
SAMI_original  85505 1 2.473418398827658 4.625179959891106E-03 11.25640 0.2 -25.257 0.015
SAMI_original  85507 0 1.774323652941130 3.015828637599889E-02  8.63326 0.2 -20.055 0.046
SAMI_original  91926 0 2.137675676176577 1.243465120838628E-02  9.78292 0.2 -22.668 0.016
SAMI_original  91959 1 2.110687107649494 1.826919749783500E-02 10.10010 0.2 -22.691 0.459
SAMI_original  91996 1 2.241159708409197 1.674786199870776E-02 10.60340 0.2 -23.536 0.007
SAMI_original  92770 1 2.146134583811254 6.922667757196828E-03 10.05210 0.2 -22.172 0.011
SAMI_original  93062 1 2.147047681807177 9.369978608220045E-03  9.87348 0.2 -23.236 0.004
SAMI_original  93167 0 1.658938372683539 1.181378600143926E-02  8.61240 0.2 -20.488 0.172
SAMI_original  98652 0 1.496689132039870 1.625147333786286E-02  8.20684 0.2 -19.341 0.113
SAMI_original  99259 1 1.888082168635707 7.650335174041258E-03  9.01076 0.2 -19.906 0.100
SAMI_original  99393 1 1.986538216001450 1.685268174795526E-02  9.47847 0.2 -21.744 0.024
SAMI_original  99410 1 1.840719212555268 1.179142528082731E-02  8.08716 0.2 -18.875 1.000
SAMI_original  99430 0 1.836226718469016 7.148603171714391E-03  9.31444 0.2 -20.544 0.040
SAMI_original 100162 1 1.834296192432351 1.541039290898355E-02  8.90720 0.2 -20.850 0.031
SAMI_original 105962 0 1.823406394012236 1.071191940600055E-02  8.59435 0.2 -20.344 0.034
SAMI_original 106047 1 2.126062979873782 5.502822753993539E-03 10.25810 0.2 -23.037 0.010
SAMI_original 106049 0 1.777968134422734 1.179346727149832E-02  8.48017 0.2 -19.778 0.054
SAMI_original 106065 0 1.683723963736044 1.205767934296371E-02  7.94821 0.2 -18.931 0.102
SAMI_original 106331 1 1.960735348337183 2.484423714019918E-02  9.37907 0.2 -22.260 0.090
SAMI_original 106507 1 2.160343533487034 4.890090140160138E-02  9.99944 0.2 -23.489 0.011
SAMI_original 106616 0 1.834084187214815 4.082517420359089E-02  9.23595 0.2 -22.165 0.010
SAMI_original 106634 1 2.127878498141510 8.813860907694990E-03  9.94701 0.2 -23.142 0.010
SAMI_original 106717 1 2.239775545294564 7.862466365949229E-03  9.78592 0.2 -23.485 0.018
SAMI_original 136672 0 1.850974531468803 1.211712527678275E-02  9.04563 0.2 -20.629 0.061
SAMI_original 136856 0 1.720026075648647 7.590125470868661E-02  8.63596 0.2 -19.809 0.050
SAMI_original 136917 0 1.433854844519550 2.683271046307713E-02  8.82662 0.2 -20.559 0.031
SAMI_original 136980 0 1.569696518948818 1.403603144594257E-02  8.61724 0.2 -19.336 0.064
SAMI_original 137789 0 1.687942537868734 1.258391947151519E-02  8.49625 0.2 -18.764 0.087
SAMI_original 137847 0 1.577402944158026 1.403167917328878E-02  8.54631 0.2 -20.268 0.195
SAMI_original 138066 0 1.803917993126054 3.344125484746777E-02  9.04255 0.2 -20.769 0.049
SAMI_original 138094 0 1.710514306024309 1.734863994118665E-02  8.45716 0.2 -19.219 0.172
SAMI_original 143499 0 1.616874075720534 2.391326058936931E-02  8.40771 0.2 -19.656 0.097
SAMI_original 143746 1 2.251794768297381 6.232703445110096E-03 10.58070 0.2 -24.186 0.010
SAMI_original 143814 0 1.743998544818409 9.543844278828135E-03  8.95805 0.2 -21.446 0.046
SAMI_original 144320 0 2.194003892689040 1.297988360154807E-02 10.09000 0.2 -23.349 0.015
SAMI_original 144402 1 2.227084446746575 1.115914585755254E-02 10.02990 0.2 -23.710 0.011
SAMI_original 144480 0 1.417260345397535 2.011752623817239E-02  8.00919 0.2 -18.665 0.228
SAMI_original 177326 0 1.414847758593938 5.278234535095486E-02  8.35120 0.2 -18.264 0.140
SAMI_original 177481 0 1.673700010564114 1.526850273434147E-02  8.91989 0.2 -19.718 0.090
SAMI_original 177518 0 1.531064590471821 9.428816220159621E-03  6.89601 0.2 -15.699 0.093
SAMI_original 178578 0 1.626879319766795 1.125573811028504E-02  7.42503 0.2 -18.545 0.083
SAMI_original 184237 1 1.962213516905911 8.183286395474165E-03  9.59677 0.2 -21.309 0.026
SAMI_original 184281 0 1.763601271967117 3.189944240620917E-02  7.84279 0.2 -18.581 0.053
SAMI_original 185252 0 1.684835558030339 2.248650761460773E-02  8.27001 0.2 -18.236 0.100
SAMI_original 185291 0 1.685976624284331 1.500114219876536E-02  8.52096 0.2 -19.870 0.060
SAMI_original 198503 0 1.526728688996073 1.976543719168185E-02  8.31861 0.2 -19.276 0.037
SAMI_original 203114 1 2.421091380182384 1.765013884852465E-02 11.11620 0.2 -24.715 0.009
SAMI_original 204906 0 1.361344509195701 5.980198708742164E-02 10.43000 0.2 -23.336 0.026
SAMI_original 204983 1 2.332904844027861 5.021429899761887E-03 10.43890 0.2 -23.969 0.020
SAMI_original 205097 1 2.136881156512733 7.314180495483239E-03 10.38440 0.2 -23.736 0.025
SAMI_original 209319 0 1.617113300190259 1.432587395975661E-02  8.17803 0.2 -19.318 0.444
SAMI_original 209414 1 1.869297070637587 1.124353931385000E-02  8.72619 0.2 -20.398 1.000
SAMI_original 209701 1 2.404397893382860 5.012368103260488E-03 10.78220 0.2 -24.553 0.012
SAMI_original 209708 0 1.552151646463060 2.626910035724525E-02  8.43897 0.2 -19.424 0.363
SAMI_original 209743 1 2.183081466721132 7.547437824332199E-03 10.31540 0.2 -23.278 0.045
SAMI_original 210611 0 1.828645814765383 2.819384581841252E-02 10.22890 0.2 -23.933 0.041
SAMI_original 210660 1 2.070124617323971 9.806756573743063E-03 10.00790 0.2 -22.279 0.007
SAMI_original 210909 0 1.433921342629702 1.121557901135713E-02  8.13085 0.2 -19.115 0.184
SAMI_original 215292 1 2.213130212652604 5.714900429615672E-03  9.88020 0.2 -23.208 0.007
SAMI_original 215335 0 1.414194515007350 5.248038475932169E-02  9.91468 0.2 -22.932 0.015
SAMI_original 216843 1 1.966186823590811 1.612951917433921E-02  9.14349 0.2 -20.702 0.171
SAMI_original 218681 1 2.091038337924156 7.350517141079238E-03  9.64893 0.2 -22.747 0.016
SAMI_original 220170 0 1.816737103205417 1.932786895113228E-02  8.43015 0.2 -19.517 0.047
SAMI_original 220330 0 1.894577294895253 3.460448771688925E-02  9.64176 0.2 -21.344 0.036
SAMI_original 220450 0 1.448829104827648 1.355328488856934E-02  8.14704 0.2 -18.903 0.185
SAMI_original 220578 0 1.817674388471607 8.281280078788304E-03  8.91477 0.2 -20.863 0.025
SAMI_original 220750 1 1.697121064975321 3.861540969861840E-02  8.22478 0.2 -19.423 0.155
SAMI_original 227371 0 1.741812821993089 6.729384326653296E-03  7.83709 0.2 -19.513 0.052
SAMI_original 227407 0 1.736860735649542 1.024447653106108E-02  8.27100 0.2 -18.464 0.063
SAMI_original 227428 0 2.112645720146119 8.894885403126843E-03  9.67401 0.2 -22.843 0.090
SAMI_original 228066 1 2.255166603997356 6.939865205663754E-03 10.00960 0.2 -23.354 0.011
SAMI_original 228428 0 1.942445580772554 1.169657848724674E-02  9.17239 0.2 -22.007 0.026
SAMI_original 228432 0 1.950636693860264 1.148787291281721E-02  8.91746 0.2 -21.710 0.022
SAMI_original 230719 0 1.505949650248900 1.787754364281514E-02  8.89648 0.2 -19.333 0.097
SAMI_original 238080 0 1.551886491641301 2.660388335572455E-02  7.57772 0.2 -18.781 0.082
SAMI_original 238204 0 2.270650475995637 1.094158395284056E-02 10.84330 0.2 -24.026 0.034
SAMI_original 238216 1 2.114387306258928 9.089274668623411E-03 10.42450 0.2 -22.920 0.020
SAMI_original 238221 1 2.155927306852129 7.478625860276349E-03 10.36090 0.2 -23.137 0.016
SAMI_original 238328 0 1.702730404164228 1.519251639089324E-02  8.56665 0.2 -19.977 0.025
SAMI_original 238360 1 2.102717722936014 8.960301626967005E-03 10.21370 0.2 -23.034 0.013
SAMI_original 238496 0 2.141913062761418 2.120028763748314E-02 10.30630 0.2 -22.895 0.013
SAMI_original 239109 1 2.501626726373881 5.111227409929632E-03 11.31710 0.2 -25.362 0.013
SAMI_original 239172 0 1.466313138019685 1.860107042374421E-02  7.45364 0.2 -18.471 0.286
SAMI_original 239249 0 1.947510058555363 1.201302802883251E-02  9.20348 0.2 -21.170 0.014
SAMI_original 239292 1 2.196961299534281 6.708224726469997E-03 10.06990 0.2 -22.704 0.011
SAMI_original 250277 0 1.763638154388287 2.018212617041417E-02  9.76496 0.2 -22.955 0.018
SAMI_original 272443 1 2.457203614264510 6.246634121048223E-03 11.13370 0.2 -25.028 0.016
SAMI_original 272996 0 1.481404652557560 1.061543640335780E-02  8.57024 0.2 -19.652 0.108
SAMI_original 273952 0 1.570011039849182 1.097790809423661E-02  9.24668 0.2 -21.955 0.042
SAMI_original 278548 1 1.991674698400812 4.040022441644676E-03 10.53480 0.2 -23.425 0.109
SAMI_original 278702 0 1.594535767171204 4.428454399953571E-02  7.99089 0.2 -18.811 0.475
SAMI_original 278703 0 1.785812356797584 1.989710560109827E-02  9.55518 0.2 -21.295 0.024
SAMI_original 278760 1 2.088777953627605 1.483001992589670E-02  9.93925 0.2 -22.704 0.179
SAMI_original 278773 0 1.647136958314646 1.019109320945772E-01  9.62347 0.2 -21.270 0.018
SAMI_original 278787 1 1.824812118452527 1.829636508552985E-02  9.32713 0.2 -20.641 0.089
SAMI_original 278804 0 1.893449159913717 1.373415315133570E-02  9.93880 0.2 -22.087 0.034
SAMI_original 278812 1 1.948685348017783 5.386528523096974E-03  9.23096 0.2 -22.037 0.046
SAMI_original 278846 0 1.798483718366077 1.576516810902856E-02  9.71627 0.2 -21.342 0.040
SAMI_original 278909 1 1.894948467687432 9.806095882565351E-03  9.06442 0.2 -21.231 0.046
SAMI_original 279891 0 1.620967059683888 1.266161307107798E-02  7.89685 0.2 -18.330 0.332
SAMI_original 288364 0 1.571397756294413 2.203651171303776E-02  9.72296 0.2 -23.022 0.017
SAMI_original 288424 0 1.555199158996445 9.458037029906724E-03  7.96892 0.2 -18.337 0.170
SAMI_original 288461 0 1.751129102177841 6.654097057956995E-03  7.74634 0.2 -18.430 0.035
SAMI_original 289116 0 1.750338454380391 7.916038391622198E-03  8.39327 0.2 -19.508 0.092
SAMI_original 289217 1 1.816518609825136 1.045497897799105E-02  8.17937 0.2 -18.986 0.147
SAMI_original 289279 0 1.517757820931419 4.216843221430206E-02  8.05113 0.2 -18.153 0.380
SAMI_original 289429 0 1.891963882786933 7.861911946766888E-03  8.62090 0.2 -20.361 0.047
SAMI_original 296713 0 1.632925683989586 1.498970538211510E-02  8.41348 0.2 -18.427 0.075
SAMI_original 296829 1 2.103353706809157 8.461379840333169E-03  9.85384 0.2 -23.040 0.034
SAMI_original 296848 0 1.575835240728281 1.743721356198025E-02  7.53165 0.2 -16.730 0.113
SAMI_original 301346 0 2.195074319548952 4.697103305445526E-03  9.74887 0.2 -23.543 0.016
SAMI_original 301382 0 1.965018863154335 9.415954271733201E-03  9.94783 0.2 -23.547 0.051
SAMI_original 301799 1 2.049431935483174 2.089580868133887E-02  9.84954 0.2 -22.351 0.020
SAMI_original 302846 1 2.115354204988177 6.378114340564260E-03  9.64693 0.2 -22.139 0.015
SAMI_original 318936 0 1.792567101823855 1.417610541810951E-02  8.54159 0.2 -20.327 0.044
SAMI_original 319018 0 1.980395054171337 1.774547378347139E-02  9.40653 0.2 -22.122 0.185
SAMI_original 319057 1 2.122112781021610 9.324766334087090E-03  9.85047 0.2 -23.395 0.014
SAMI_original 319139 0 1.745138262355572 9.990318583246859E-03  8.36064 0.2 -19.557 0.061
SAMI_original 319197 0 2.206217282852782 1.113999549403307E-02 10.55780 0.2 -23.444 0.010
SAMI_original 319385 0 1.813161263025508 2.688894973148196E-02  9.91717 0.2 -23.068 0.012
SAMI_original 323854 0 2.293829034561672 1.319111971257558E-02 10.72220 0.2 -24.465 0.011
SAMI_original 324323 1 2.014607900669017 6.241153272062708E-03  9.46079 0.2 -22.193 0.686
SAMI_original 324351 1 2.165966689944658 6.921058930573231E-03 10.57740 0.2 -23.551 0.009
SAMI_original 325378 0 2.287759610853823 1.294884709892617E-02 10.78160 0.2 -25.229 0.011
SAMI_original 325533 1 2.173183390021270 4.850497384485475E-03 10.35210 0.2 -23.126 0.272
SAMI_original 325536 1 2.262003616020217 1.211825741946594E-02 10.09270 0.2 -23.844 0.070
SAMI_original 345682 0 1.774105477325283 1.447651784828850E-02  9.24614 0.2 -21.036 0.046
SAMI_original 345754 0 2.144219222269605 1.084160458768040E-02  9.87184 0.2 -23.304 0.030
SAMI_original 346793 1 2.198801180307163 8.938304278259169E-03 10.19260 0.2 -23.753 0.057
SAMI_original 347470 0 2.178256966702825 1.007762688992214E-02 10.47620 0.2 -23.907 0.008
SAMI_original 348118 1 2.390389275702208 4.792255564709498E-03 11.19710 0.2 -25.479 0.011
SAMI_original 371714 0 2.342256917993102 1.774423749334731E-02 10.54810 0.2 -24.244 0.151
SAMI_original 371750 0 1.784545385838499 4.724266587849298E-03  8.97340 0.2 -20.999 0.066
SAMI_original 371789 0 2.043882090263624 2.622956770449839E-02 10.08410 0.2 -22.451 0.008
SAMI_original 371889 0 2.344238774054608 2.066354146784652E-02 11.12450 0.2 -24.752 0.010
SAMI_original 371959 0 1.839613266609153 1.621524026356388E-02  9.38231 0.2 -21.047 0.030
SAMI_original 373202 1 1.934783071593431 1.392025719642534E-02  9.47598 0.2 -20.590 0.166
SAMI_original 373284 1 2.106015412594739 6.126630304239968E-03 10.15120 0.2 -22.845 0.015
SAMI_original 375402 0 1.525487835259032 2.813844852676215E-02  8.14712 0.2 -19.456 0.043
SAMI_original 375531 0 1.853169441694950 1.163895175706109E-02  9.10717 0.2 -22.049 0.027
SAMI_original 376121 1 2.384840588973262 5.292173764704604E-03 11.03220 0.2 -25.097 0.010
SAMI_original 376185 0 1.736548251597438 1.011585252733307E-02  8.91114 0.2 -20.663 0.036
SAMI_original 376293 1 2.286508844486137 9.252277171455443E-03 10.48000 0.2 -24.498 0.012
SAMI_original 376340 1 2.171694572170870 6.607834323818050E-03 10.44000 0.2 -23.395 0.161
SAMI_original 376478 1 2.148963059000786 9.537122667908782E-03  9.99155 0.2 -23.637 0.386
SAMI_original 378142 0 1.319929819544775 2.136042322033743E-02  7.12709 0.2 -16.778 0.148
SAMI_original 381156 0 1.745799263280712 8.989499442584342E-02  9.82931 0.2 -22.531 0.020
SAMI_original 381215 1 2.214362691587519 7.563911813945599E-03 10.19440 0.2 -23.823 0.018
SAMI_original 381225 1 2.118699862006094 7.619676854124824E-03 10.19630 0.2 -23.207 0.016
SAMI_original 382152 1 2.048982147878815 1.979298598417721E-02 10.07490 0.2 -23.088 0.053
SAMI_original 382659 1 2.360626023490195 4.351092795617322E-02 10.92460 0.2 -24.238 0.011
SAMI_original 383259 0 1.783174490735761 1.915745075402963E-02 10.52940 0.2 -24.695 0.013
SAMI_original 383283 0 1.845680940080078 7.575144060747562E-03  8.89281 0.2 -20.745 0.025
SAMI_original 387675 1 2.291719858341664 4.498320940329160E-03 10.48490 0.2 -24.193 0.008
SAMI_original 387687 0 1.692945311566463 1.294134884988639E-02  8.23322 0.2 -19.046 0.037
SAMI_original 388451 0 1.701422697484924 1.254623461640173E-02  8.14991 0.2 -18.998 0.053
SAMI_original 388552 0 2.453859058199257 9.149358258135431E-03 11.01440 0.2 -24.924 0.007
SAMI_original 397449 0 1.719758756907114 1.335589308777658E-02  8.15757 0.2 -18.877 0.133
SAMI_original 417392 1 1.905327903342296 1.216437038777542E-02  8.79231 0.2 -20.382 0.318
SAMI_original 417453 1 2.245492572539802 9.280813765176624E-03 10.62890 0.2 -23.616 0.042
SAMI_original 418693 0 2.376256251707213 2.817835547937165E-02 10.72800 0.2 -23.969 0.013
SAMI_original 422359 1 2.155142059805422 6.688573266934708E-03  9.81978 0.2 -23.075 0.016
SAMI_original 422464 0 1.723112848511803 1.750741399184922E-02  8.64077 0.2 -19.086 0.071
SAMI_original 422486 0 1.448023316911901 1.420580827006522E-02  9.06328 0.2 -20.110 0.290
SAMI_original 422639 0 1.492897156480610 2.167569318766045E-02  8.20633 0.2 -18.745 0.120
SAMI_original 422721 0 1.712991657995433 9.654559291759519E-03  8.39259 0.2 -19.262 0.222
SAMI_original 422921 0 1.526907606267698 1.207746339721714E-02  8.01825 0.2 -18.671 0.217
SAMI_original 422933 0 2.177019128049323 1.283281237667316E-02  9.95877 0.2 -23.298 0.010
SAMI_original 463264 1 2.107086696741614 5.314999306142235E-03  9.96568 0.2 -22.517 0.016
SAMI_original 463288 0 1.820516200907256 1.149745699958810E-02  9.52320 0.2 -22.832 0.011
SAMI_original 486782 1 1.954352499403583 8.604169700474899E-03  9.07397 0.2 -21.336 0.018
SAMI_original 486872 1 2.334675472746835 5.260805793875659E-03 10.65640 0.2 -23.905 0.006
SAMI_original 487027 1 2.152670922500399 5.959968611726297E-03  9.71188 0.2 -23.228 0.009
SAMI_original 491457 1 2.351507224274601 1.398896285357809E-02 10.41350 0.2 -24.391 0.005
SAMI_original 491508 1 2.267109681430476 8.435877509759899E-03 10.40280 0.2 -24.353 0.007
SAMI_original 491552 1 1.866109095842066 1.019774698153411E-02  8.61409 0.2 -20.498 0.030
SAMI_original 491608 0 1.469383360323811 1.464824661566644E-02  7.85286 0.2 -19.358 0.052
SAMI_original 492384 0 2.151071010245811 1.085228226799194E-02 10.48660 0.2 -23.893 0.018
SAMI_original 493825 0 1.377127775779589 3.020411682648714E-02  8.00230 0.2 -19.003 0.133
SAMI_original 496966 1 2.293116362167847 8.485550922088190E-03 10.22190 0.2 -23.709 0.044
SAMI_original 504713 1 2.354304243199364 7.367731766180843E-03 10.04740 0.2 -24.360 0.006
SAMI_original 505788 1 2.348431825143958 1.960568320929714E-02 10.77360 0.2 -24.942 0.016
SAMI_original 505817 1 1.977385505259119 1.091992745215891E-02  8.73323 0.2 -20.747 0.041
SAMI_original 505979 1 2.066509542474310 6.823599861182868E-03  9.58454 0.2 -22.431 0.014
SAMI_original 508138 0 1.993709763076095 3.585231104000072E-02 10.38230 0.2 -23.676 0.016
SAMI_original 508312 0 1.882842606536057 2.721428317032781E-02 10.25350 0.2 -22.948 0.117
SAMI_original 509516 0 1.744551135778393 1.691146198220246E-02  8.46209 0.2 -19.779 0.018
SAMI_original 509576 0 1.670080819139453 1.257906800358859E-02  7.92269 0.2 -18.830 0.171
SAMI_original 509670 0 1.675372869355782 2.080593814625278E-02  8.52069 0.2 -19.956 0.043
SAMI_original 509727 0 1.619144064538922 8.192382425678995E-03  8.76385 0.2 -20.555 0.054
SAMI_original 511867 1 2.266459741147790 9.910558679544088E-03 10.45300 0.2 -24.633 0.017
SAMI_original 511890 0 2.189093984925403 3.710077887261691E-03 10.70690 0.2 -23.858 0.008
SAMI_original 511921 0 1.515058926001720 2.107395418712835E-02  8.87880 0.2 -20.846 0.019
SAMI_original 513001 0 1.762506171559519 1.012855318917708E-02  8.62078 0.2 -20.603 0.031
SAMI_original 517130 0 1.202567166298439 3.189478785914448E-02  8.05165 0.2 -18.535 0.169
SAMI_original 517164 1 2.258822325495009 3.411389795117912E-03 10.46480 0.2 -23.501 0.042
SAMI_original 517167 1 1.948083334536202 7.236024671892964E-03  9.38800 0.2 -21.275 0.062
SAMI_original 517249 0 1.826610941475863 1.580165609857850E-02  9.51145 0.2 -21.391 0.140
SAMI_original 517256 0 1.798178742504677 1.593678723522629E-02  9.30032 0.2 -20.983 0.055
SAMI_original 517306 0 1.865310505946780 6.998740183874578E-03  9.45484 0.2 -21.408 0.057
SAMI_original 517594 0 1.760435271888602 7.760922320751012E-03  8.74171 0.2 -20.417 0.645
SAMI_original 522127 0 1.589232001512503 1.074477688414746E-02  8.12522 0.2 -19.305 1.000
SAMI_original 534710 0 1.925298770576145 7.203450687526340E-03  8.88283 0.2 -20.776 0.022
SAMI_original 534753 1 2.095276460946088 8.021838925963046E-03 10.01450 0.2 -23.506 0.010
SAMI_original 536463 0 2.017371953399885 6.428681504755522E-02 11.13140 0.2 -24.964 0.008
SAMI_original 536625 0 1.841686856731877 2.248632975541663E-02 10.31010 0.2 -23.068 0.018
SAMI_original 536626 0 1.925275917838380 7.859801420762738E-03  8.78125 0.2 -20.892 0.082
SAMI_original 537187 0 1.912128940592448 7.344499821483416E-03  8.15359 0.2 -20.339 0.209
SAMI_original 537361 0 2.407456046670382 5.837267430135867E-03 10.86430 0.2 -24.672 0.014
SAMI_original 537367 0 1.565078275230099 2.128372226623578E-02  9.26029 0.2 -20.617 0.035
SAMI_original 537399 1 1.969554819757569 9.672015393370342E-03  9.66871 0.2 -21.851 0.033
SAMI_original 537417 0 1.812349014813631 1.976814618768205E-02  8.98859 0.2 -20.190 0.056
SAMI_original 543763 0 1.783978314563174 7.745355188425876E-03  8.15213 0.2 -19.241 0.061
SAMI_original 543769 0 1.797835221057644 2.722242456527979E-03  7.85055 0.2 -19.804 0.449
SAMI_original 543812 1 1.885269447618315 1.020261352285693E-02  8.57234 0.2 -21.473 0.053
SAMI_original 551332 1 2.114416632773118 4.985549774351122E-03  9.78049 0.2 -23.005 0.014
SAMI_original 551350 0 1.656825898662997 7.150210165017270E-03  8.84536 0.2 -20.999 0.085
SAMI_original 551655 1 2.241195224123768 9.320404585383281E-03 10.50300 0.2 -23.729 0.009
SAMI_original 558887 0 1.713491560708573 1.205755740673628E-02  8.56882 0.2 -20.114 0.132
SAMI_original 560946 0 1.798686623216194 2.470197044349741E-02  8.76761 0.2 -20.301 0.086
SAMI_original 561143 0 1.553028753477071 1.101742238848473E-02  8.54573 0.2 -21.514 0.046
SAMI_original 567678 1 2.039051400821318 1.082472370335580E-02  9.48232 0.2 -21.348 0.012
SAMI_original 570206 1 2.268248463928634 4.393462152847002E-03 10.63610 0.2 -23.669 0.013
SAMI_original 570227 0 2.246466834128960 2.754244214298752E-02 10.69230 0.2 -24.190 0.007
SAMI_original 575579 0 1.825098112688399 1.699039495129444E-02  9.27717 0.2 -20.886 1.000
SAMI_original 575625 1 2.261939830859058 6.354194540836435E-03 10.40540 0.2 -23.247 0.015
SAMI_original 575670 1 2.094858006740798 3.276254517918254E-02 10.44330 0.2 -23.686 0.036
SAMI_original 585314 1 1.884125439409490 8.242467646196719E-03  8.80382 0.2 -20.970 0.037
SAMI_original 585359 1 2.123928144153239 7.526215101815510E-03 10.24380 0.2 -23.534 0.009
SAMI_original 585659 1 1.942602895095588 8.256132543101520E-03  9.02711 0.2 -20.671 0.032
SAMI_original 585694 0 1.629569216587830 2.352160570749460E-02  7.57208 0.2 -18.844 0.068
SAMI_original 585755 1 1.992217006827797 1.266397697874917E-02  9.56217 0.2 -22.188 0.019
SAMI_original 592835 1 2.147719213879649 6.042218276639750E-03  9.94212 0.2 -23.855 0.011
SAMI_original 592858 0 2.388723276466106 1.127185690860547E-01 10.83170 0.2 -24.088 0.005
SAMI_original 594059 1 1.925627572117659 1.521181313677374E-02  9.39936 0.2 -21.235 0.055
SAMI_original 594906 1 2.089912187386603 1.048458214037970E-02  9.30149 0.2 -22.568 0.010
SAMI_original 594970 0 1.748308146953543 4.626129045117880E-02  8.67681 0.2 -20.338 0.313
SAMI_original 594986 1 2.136268455160090 5.058114501550804E-03  9.84429 0.2 -22.919 0.011
SAMI_original 599873 0 1.852793503830894 8.194286021626290E-03  8.59917 0.2 -20.462 0.393
SAMI_original 599877 1 1.894914613337040 1.117545490037563E-02 10.45830 0.2 -23.214 0.064
SAMI_original 600014 0 1.879601689081077 9.793380780310742E-03  8.74030 0.2 -20.752 0.164
SAMI_original 601323 1 2.043575902849002 9.650711333572983E-03 10.44590 0.2 -24.453 0.564
SAMI_original 609433 0 1.782597386409675 7.935747711102479E-03  8.51960 0.2 -19.793 0.025
SAMI_original 618108 0 2.117493458046847 1.508577398161182E-02 10.30540 0.2 -23.555 0.021
SAMI_original 618142 0 2.160461679284860 4.549715162955703E-02 10.33830 0.2 -22.870 0.013
SAMI_original 618935 0 2.059769616303423 5.917673479416883E-03 10.12640 0.2 -22.354 0.219
SAMI_original 618952 1 2.348620676311853 1.043831106155196E-02 10.87700 0.2 -24.440 0.017
SAMI_original 618992 1 2.442371281629462 1.227756551457101E-02 10.48570 0.2 -25.081 0.003
SAMI_original 619095 1 2.320540428183241 4.640465419860462E-03 10.21600 0.2 -24.138 0.026
SAMI_original 619097 1 2.173697985781355 8.049534854249427E-03  9.76442 0.2 -22.832 0.018
SAMI_original 620087 1 1.990350682407550 6.740577227751666E-03  8.91204 0.2 -21.369 0.040
SAMI_original 622394 0 1.857917477042605 3.546714782516298E-02  8.43078 0.2 -21.180 0.173
SAMI_original 622429 1 2.287804415277828 7.405440194959334E-03 10.72900 0.2 -24.042 0.010
SAMI_original 622434 1 2.318608132635434 7.697984437940145E-03 10.85940 0.2 -24.256 0.007
SAMI_original 622534 1 1.916675321927259 7.101147659260053E-03  8.91463 0.2 -20.900 1.000
SAMI_original 622744 0 1.737159725177087 1.145021585028645E-02  8.84676 0.2 -20.805 0.034
SAMI_original 623679 1 2.133949301324286 6.549046360527866E-03 10.03090 0.2 -23.371 0.031
SAMI_original 623726 0 1.415469319013765 6.223909545545762E-02  7.96682 0.2 -18.313 1.000
SAMI_matched   16026 1 2.132694678436246 2.336997467132950E-02 10.00000 0.2 -23.438 0.009
SAMI_matched   16487 0 1.922925888010757 4.856950541088612E-02  9.38336 0.2 -21.790 1.000
SAMI_matched   22633 0 1.684457947879446 3.692803528415806E-02  9.77844 0.2 -23.241 0.145
SAMI_matched   22839 0 1.723589557921383 5.757668368365122E-02  9.18788 0.2 -21.271 0.080
SAMI_matched   22887 0 1.927080759797574 4.264755352750034E-02 10.44350 0.2 -23.737 0.010
SAMI_matched   23565 1 2.101546911645404 4.012826916208309E-02 10.20570 0.2 -23.372 0.019
SAMI_matched   23619 0 2.293078241590095 1.469116904176568E-02 11.12620 0.2 -24.878 0.012
SAMI_matched   31452 0 1.747180390996769 4.136891634736524E-02  9.10467 0.2 -21.742 0.047
SAMI_matched   41144 0 2.087768831336212 2.496152671811996E-02 10.46040 0.2 -23.722 0.005
SAMI_matched   47342 0 1.811022094861768 1.052226537372666E-01  9.56606 0.2 -22.682 0.035
SAMI_matched   47535 0 1.801545528525853 4.490478167463798E-02  7.81175 0.2 -19.423 0.107
SAMI_matched   49857 0 1.762864302540762 2.089318293435421E-02  8.69798 0.2 -21.596 0.111
SAMI_matched   55537 1 2.269204777112130 1.424655674527602E-02 10.26290 0.2 -23.954 0.063
SAMI_matched   56061 0 1.572963188359297 5.511392312512388E-02  8.85689 0.2 -20.590 0.061
SAMI_matched   56064 1 2.059371626900753 3.200549562485943E-02 10.44240 0.2 -23.578 0.024
SAMI_matched   56140 1 2.574355788074481 1.210984679830421E-02 11.37050 0.2 -25.842 0.006
SAMI_matched   64087 1 2.141289810820675 2.903991834703711E-02 10.13220 0.2 -23.638 0.032
SAMI_matched   65278 0 1.744063305234962 5.316291425580939E-02  8.72869 0.2 -20.723 0.087
SAMI_matched   77754 1 2.315123929788968 1.674463210489723E-02 10.18720 0.2 -24.215 0.009
SAMI_matched   78531 0 2.229540872623124 5.281477390434624E-02 10.33240 0.2 -24.527 0.016
SAMI_matched   79693 0 2.024870526414891 1.766748993956926E-02  9.82052 0.2 -22.578 0.205
SAMI_matched   79771 1 1.947408786472053 3.885448933472650E-02  8.65995 0.2 -20.528 0.180
SAMI_matched   79850 0 1.911314139122834 3.990591666110599E-02  9.76217 0.2 -22.165 0.108
SAMI_matched   84677 1 2.233743948370023 2.219403047571409E-02 10.25610 0.2 -24.265 0.014
SAMI_matched   85481 0 1.414069539948008 1.135700098439531E-01  8.81981 0.2 -20.079 0.080
SAMI_matched   91926 0 1.785249907357815 6.796803343973271E-02  9.80300 0.2 -22.668 0.016
SAMI_matched   91959 1 2.023959597999220 2.761682336450723E-02  9.78112 0.2 -22.688 0.459
SAMI_matched   91996 1 2.185026601496608 2.554744581302312E-02 10.60350 0.2 -23.536 0.007
SAMI_matched   92770 0 1.970804022384972 4.475426387381057E-02 10.05190 0.2 -22.172 0.011
SAMI_matched   93167 0 1.488997951060963 9.624795346703503E-02  8.61267 0.2 -20.488 0.172
SAMI_matched   99259 0 1.614760212646240 9.606161654533148E-02  9.01094 0.2 -19.906 0.100
SAMI_matched   99349 0 1.816820310811125 1.148771703430699E-01 10.28130 0.2 -23.153 0.013
SAMI_matched  105962 0 1.531296117434814 7.998949752966358E-02  8.59458 0.2 -20.344 0.034
SAMI_matched  106047 1 2.058418614960485 2.769628797243210E-02 10.25810 0.2 -23.037 0.010
SAMI_matched  106065 0 1.402714918615335 7.240970910248914E-02  7.94834 0.2 -18.931 0.102
SAMI_matched  106507 1 2.183203119327830 1.808984811707023E-02  9.99958 0.2 -23.489 0.011
SAMI_matched  106616 0 1.821588936022027 1.004014380846059E-01  9.23586 0.2 -22.165 0.010
SAMI_matched  106634 0 2.020412162774773 3.776739427061919E-02  9.94701 0.2 -23.142 0.010
SAMI_matched  106717 1 2.196982627942707 2.099219343580393E-02  9.78358 0.2 -23.485 0.018
SAMI_matched  136672 0 1.748733790372056 7.772762922301055E-02  9.04567 0.2 -20.629 0.061
SAMI_matched  138066 0 1.734322485809821 1.059670540448869E-01  9.04250 0.2 -20.769 0.049
SAMI_matched  143746 1 2.250523276056649 6.943728280175102E-03 10.58090 0.2 -24.186 0.010
SAMI_matched  144320 0 2.053391248396376 5.880597599451388E-02 10.09000 0.2 -23.349 0.015
SAMI_matched  144402 1 2.198886976074045 5.938689261277817E-02 10.02960 0.2 -23.710 0.011
SAMI_matched  184237 1 1.926019090079486 1.672002725264711E-02  9.59658 0.2 -21.309 0.026
SAMI_matched  185291 0 1.573296718374159 7.990223723049354E-02  8.52093 0.2 -19.870 0.060
SAMI_matched  203114 1 2.359046603341151 4.909093899654780E-02 11.07550 0.2 -24.725 0.009
SAMI_matched  204983 1 2.333885060557880 1.530717234338136E-02 10.44120 0.2 -23.969 0.020
SAMI_matched  205097 1 2.132736996571453 2.745908992040922E-02 10.38450 0.2 -23.736 0.025
SAMI_matched  209414 0 1.606354997727367 1.267652427396518E-01  8.72860 0.2 -20.398 1.000
SAMI_matched  209701 1 2.396918675668261 1.217162111590032E-02 10.85650 0.2 -24.547 0.012
SAMI_matched  209743 1 2.215310894337595 3.592039581737163E-02 10.33380 0.2 -23.280 0.045
SAMI_matched  215292 1 2.171741413628567 8.995330293431017E-02  9.88045 0.2 -23.208 0.007
SAMI_matched  216670 0 2.068573116739049 7.654050402575724E-02 10.16540 0.2 -23.760 0.007
SAMI_matched  216843 0 1.594290787729850 1.191290225386433E-01  9.14408 0.2 -20.702 0.171
SAMI_matched  218681 1 2.129027812663160 3.911950244383809E-02  9.64906 0.2 -22.747 0.016
SAMI_matched  221375 1 2.016024935605248 4.128632230318038E-02  9.55507 0.2 -22.389 0.016
SAMI_matched  227428 1 2.006973870058200 1.751699799952401E-02  9.70931 0.2 -22.845 0.090
SAMI_matched  228066 1 2.226181755014695 1.562642870425313E-02 10.33830 0.2 -23.360 0.011
SAMI_matched  228428 0 1.870528432649698 3.796330564757006E-02  9.17235 0.2 -22.007 0.026
SAMI_matched  238204 0 2.314821159862278 4.290676224011679E-02 10.84380 0.2 -24.026 0.034
SAMI_matched  238216 0 2.022404319156466 2.531122205680112E-02 10.42450 0.2 -22.920 0.020
SAMI_matched  238221 1 2.163116749907233 2.611169659393102E-02 10.31100 0.2 -23.142 0.016
SAMI_matched  238360 1 2.168100852095156 1.887922777157217E-02 10.21370 0.2 -23.034 0.013
SAMI_matched  238496 1 2.063148207124770 2.146476732105216E-02 10.30640 0.2 -22.895 0.013
SAMI_matched  239249 0 1.622179347266606 1.109649697683519E-01  9.20347 0.2 -21.170 0.014
SAMI_matched  239292 1 2.131066783023672 1.998774854806654E-02 10.07000 0.2 -22.704 0.011
SAMI_matched  250277 0 1.450567205410425 9.466652913633758E-02  9.76493 0.2 -22.955 0.018
SAMI_matched  272443 1 2.338426618082546 4.015486454819255E-02 11.18390 0.2 -25.022 0.016
SAMI_matched  273952 0 1.465124276789674 8.302068995813318E-02  9.24671 0.2 -21.955 0.042
SAMI_matched  278548 0 1.893650787197631 3.272969613864230E-02 10.53520 0.2 -23.425 0.109
SAMI_matched  278703 0 1.589664631641251 7.128141987036936E-02  9.55514 0.2 -21.295 0.024
SAMI_matched  278760 0 1.789824033044429 7.802978918429318E-02  9.70452 0.2 -22.711 0.179
SAMI_matched  278787 0 1.720513194640450 3.118222122059822E-02  9.32732 0.2 -20.641 0.089
SAMI_matched  278804 0 1.668017849841425 9.178599455486657E-02  9.93833 0.2 -22.087 0.034
SAMI_matched  278812 0 1.854999444653135 4.941011964643648E-02  9.23088 0.2 -22.037 0.046
SAMI_matched  278909 0 1.766434397255905 4.987447856154105E-02  9.06455 0.2 -21.231 0.046
SAMI_matched  296798 0 1.310065195859646 9.012819439432602E-02  7.98691 0.2 -18.905 0.040
SAMI_matched  296829 1 2.065517596321091 2.371912490780689E-02  9.85334 0.2 -23.040 0.034
SAMI_matched  297667 0 2.035837529536050 3.448150843955180E-02 10.08710 0.2 -23.320 0.014
SAMI_matched  301346 1 2.111914634684888 4.545875778759853E-02  9.71159 0.2 -23.544 0.016
SAMI_matched  301382 0 1.870104454408113 5.031058561284831E-02  9.94743 0.2 -23.547 0.051
SAMI_matched  301799 1 2.014588175966211 3.751420389543526E-02  9.77643 0.2 -22.349 0.020
SAMI_matched  302846 0 1.838160267427226 4.755499425434314E-02  9.64707 0.2 -22.139 0.015
SAMI_matched  319018 0 1.922586933727351 4.906986538371842E-02  9.38087 0.2 -22.118 0.185
SAMI_matched  319057 1 2.141438282404069 3.693462484365578E-02  9.85131 0.2 -23.395 0.014
SAMI_matched  319139 0 1.421722403067803 1.024144812562525E-01  8.36071 0.2 -19.557 0.061
SAMI_matched  319197 1 2.184754324143947 4.744964612943865E-02 10.55780 0.2 -23.444 0.010
SAMI_matched  323854 0 2.237744310861861 5.838873562903309E-02 10.72230 0.2 -24.465 0.011
SAMI_matched  324323 0 1.853557537042910 5.243335039117979E-02  9.24926 0.2 -22.210 0.686
SAMI_matched  324351 1 2.130694483532047 1.698826619207943E-02 10.57740 0.2 -23.551 0.009
SAMI_matched  325378 0 2.223237696921944 1.940061330199716E-02 10.78200 0.2 -25.229 0.011
SAMI_matched  325533 1 2.160774405126624 2.148367085977652E-02 10.35330 0.2 -23.126 0.272
SAMI_matched  346793 1 2.218864802706629 1.713105722533292E-02  9.92534 0.2 -23.777 0.057
SAMI_matched  346890 0 2.243591989980345 5.935892021978528E-02 10.58860 0.2 -23.560 0.012
SAMI_matched  347470 1 2.179842312207276 1.544396476831556E-02 10.47630 0.2 -23.907 0.008
SAMI_matched  347570 0 1.357710050905744 7.893934100246372E-02  9.45851 0.2 -21.230 1.000
SAMI_matched  371714 1 2.354479245999227 2.446724046984871E-02 10.52680 0.2 -24.242 0.151
SAMI_matched  371750 0 1.729099436600603 8.642798776664251E-02  8.97355 0.2 -20.999 0.066
SAMI_matched  371889 0 2.251927324756771 2.917212794000780E-02 11.13810 0.2 -24.752 0.010
SAMI_matched  371959 0 1.507070437686926 6.416049505529502E-02  9.38245 0.2 -21.047 0.030
SAMI_matched  373284 1 2.090060339428367 2.629285380456696E-02 10.15120 0.2 -22.845 0.015
SAMI_matched  376121 1 2.383661391340842 2.119115293111666E-02 11.03250 0.2 -25.097 0.010
SAMI_matched  376185 0 1.536844383557173 9.716602661789607E-02  8.97753 0.2 -20.661 0.036
SAMI_matched  376293 1 2.315546850612398 6.604478982800263E-03 10.48240 0.2 -24.498 0.012
SAMI_matched  376340 1 2.119600254344594 4.246039054983726E-02 10.50060 0.2 -23.406 0.161
SAMI_matched  376478 1 2.177087149653276 8.257316757197876E-02 10.32350 0.2 -23.645 0.386
SAMI_matched  381215 1 2.214763691956511 1.286864182432791E-02 10.19900 0.2 -23.823 0.018
SAMI_matched  381225 1 2.092718297245498 2.415509482438818E-02 10.19690 0.2 -23.207 0.016
SAMI_matched  382152 1 2.045072468146802 2.357498624743343E-02 10.07450 0.2 -23.088 0.053
SAMI_matched  382659 0 2.308945837636121 2.683777362314635E-02 10.92470 0.2 -24.238 0.011
SAMI_matched  383283 0 1.633232079255172 8.231865164788635E-02  8.89430 0.2 -20.745 0.025
SAMI_matched  387675 1 2.274244377727408 1.519305190768609E-02 10.48500 0.2 -24.193 0.008
SAMI_matched  417392 0 1.785840712237671 4.430697368654615E-02  8.91789 0.2 -20.381 0.318
SAMI_matched  417424 0 2.014325081834473 3.253849977970724E-02  9.47869 0.2 -21.071 0.050
SAMI_matched  417441 0 2.452462425988844 1.642675389033011E-02 10.49720 0.2 -24.044 0.171
SAMI_matched  417453 1 2.261727893451990 1.555108934641069E-02 10.61920 0.2 -23.617 0.042
SAMI_matched  422359 0 1.992302534265646 8.395983285391480E-02 10.23640 0.2 -23.082 0.016
SAMI_matched  422366 0 1.970604380927830 2.094871226434581E-02  9.74344 0.2 -21.955 0.024
SAMI_matched  422921 0 1.394757460925530 9.371574654496451E-02  8.01848 0.2 -18.671 0.217
SAMI_matched  463264 0 1.998916745643590 2.166410853507355E-02  9.96561 0.2 -22.517 0.016
SAMI_matched  486782 0 1.723671758811141 8.361108236597752E-02  9.07395 0.2 -21.336 0.018
SAMI_matched  486872 1 2.324439631578578 2.370529648691941E-02 10.66680 0.2 -23.906 0.006
SAMI_matched  487027 0 1.794644253734793 5.290128283365983E-02  9.71168 0.2 -23.228 0.009
SAMI_matched  491457 0 2.173011815610944 3.323655015107942E-02 10.41300 0.2 -24.391 0.005
SAMI_matched  491508 0 2.132351695216316 4.069833848388362E-02 10.40280 0.2 -24.353 0.007
SAMI_matched  492384 0 2.113129875680836 3.315529859006913E-02 10.48750 0.2 -23.893 0.018
SAMI_matched  493825 0 1.379544291907019 7.245772335910292E-02  8.00263 0.2 -19.003 0.133
SAMI_matched  496966 1 2.259252866661205 2.253334338544155E-02 10.22210 0.2 -23.709 0.044
SAMI_matched  504713 1 2.342017964248447 1.742963642782240E-02 10.04730 0.2 -24.360 0.006
SAMI_matched  505817 1 1.889326690700159 3.086144005929223E-02  8.73342 0.2 -20.747 0.041
SAMI_matched  505979 0 1.999221534514041 4.721190381205921E-02  9.49106 0.2 -22.442 0.014
SAMI_matched  508312 0 1.937423970069144 6.633835470961623E-02 10.25360 0.2 -22.948 0.117
SAMI_matched  509444 0 1.610273096170379 5.016841628906996E-02  7.77998 0.2 -18.966 0.302
SAMI_matched  509670 0 1.544840736095505 1.047603393675776E-01  8.52091 0.2 -19.956 0.043
SAMI_matched  511867 1 2.306295404787593 2.495660929823527E-02 10.23770 0.2 -24.655 0.017
SAMI_matched  511890 0 2.174276051489964 1.935385844304940E-02 10.70690 0.2 -23.858 0.008
SAMI_matched  517164 1 2.258492844019439 3.244217602013846E-02 10.46820 0.2 -23.501 0.042
SAMI_matched  517167 0 1.777745018111921 7.596467771799385E-02  9.38801 0.2 -21.275 0.062
SAMI_matched  517256 0 1.754905065358968 6.052545374405519E-02  9.30021 0.2 -20.983 0.055
SAMI_matched  517594 0 1.514164404456882 1.044956497400084E-01  8.74171 0.2 -20.417 0.645
SAMI_matched  536463 0 1.917250675472780 3.977152329379998E-02 11.13160 0.2 -24.964 0.008
SAMI_matched  536625 0 1.872465974879705 3.458153815990693E-02 10.31260 0.2 -23.068 0.018
SAMI_matched  536626 0 1.873992301093149 2.546994571465274E-02  8.78117 0.2 -20.892 0.082
SAMI_matched  537187 0 1.631487738308838 1.030270402041083E-01  8.15337 0.2 -20.339 0.209
SAMI_matched  537226 0 2.129879288272274 8.400624827686590E-02 10.87010 0.2 -25.278 0.008
SAMI_matched  537361 1 2.348226884068046 3.375677291003439E-02 10.80860 0.2 -24.670 0.014
SAMI_matched  537399 1 1.944759284471516 6.138536121313608E-02  9.66867 0.2 -21.851 0.033
SAMI_matched  537417 0 1.708705805436390 4.783726050539943E-02  8.98855 0.2 -20.190 0.056
SAMI_matched  543763 0 1.533544210459195 1.276899500325883E-01  8.15218 0.2 -19.241 0.061
SAMI_matched  543812 0 1.798719672536308 3.949609636407650E-02  8.56985 0.2 -21.473 0.053
SAMI_matched  551332 0 2.088151101023809 2.583503537134587E-02  9.78051 0.2 -23.005 0.014
SAMI_matched  551655 1 2.203484680335090 3.192567335623506E-02 10.47480 0.2 -23.728 0.009
SAMI_matched  560946 0 1.696069891393340 2.840068899568159E-02  8.76768 0.2 -20.301 0.086
SAMI_matched  561143 0 1.423534277521955 1.262284913509104E-01  8.54565 0.2 -21.514 0.046
SAMI_matched  570206 1 2.264708216418828 2.588720605549771E-02 10.63620 0.2 -23.669 0.013
SAMI_matched  570227 0 2.202286801486015 4.840422740486183E-02 10.71080 0.2 -24.191 0.007
SAMI_matched  575532 1 2.486078611737010 1.292211614357193E-02 11.03700 0.2 -24.978 0.024
SAMI_matched  575579 0 1.623880815656641 4.193105366181608E-02  9.36052 0.2 -20.892 1.000
SAMI_matched  575625 1 2.155367179925329 2.463210889972056E-02 10.41590 0.2 -23.247 0.015
SAMI_matched  575670 1 2.105754161616469 2.228570654982210E-02 10.15870 0.2 -23.687 0.036
SAMI_matched  585314 0 1.825582057854273 2.966659445528110E-02  8.80382 0.2 -20.970 0.037
SAMI_matched  585359 1 2.098242588907278 1.230158062672818E-02 10.24370 0.2 -23.534 0.009
SAMI_matched  585659 0 1.659218505716554 8.832659986979986E-02  9.02718 0.2 -20.671 0.032
SAMI_matched  585755 0 1.996155959582593 8.988427111129751E-02  9.56221 0.2 -22.188 0.019
SAMI_matched  586326 0 1.810856579385812 3.837712497322501E-02  8.90960 0.2 -20.881 0.063
SAMI_matched  592835 1 2.113341444902824 3.520594289953050E-02  9.94247 0.2 -23.855 0.011
SAMI_matched  594906 0 1.870180207124664 5.850570667818703E-02  9.30144 0.2 -22.568 0.010
SAMI_matched  594970 0 1.509830978503836 1.193444989721387E-01  8.67686 0.2 -20.338 0.313
SAMI_matched  594986 0 2.024630980650867 8.313008940147831E-02  9.84445 0.2 -22.919 0.011
SAMI_matched  599873 0 1.646216713918417 9.949764999535478E-02  8.60023 0.2 -20.462 0.393
SAMI_matched  601323 0 1.928212284679192 9.811627051659901E-02 10.28310 0.2 -24.444 0.564
SAMI_matched  618108 0 2.117392995986471 2.287010259595023E-02 10.30560 0.2 -23.555 0.021
SAMI_matched  618142 0 1.684624801374522 6.790603408776316E-02 10.33420 0.2 -22.879 0.013
SAMI_matched  618935 0 1.868264081980662 4.513441688083830E-02 10.12720 0.2 -22.354 0.219
SAMI_matched  618952 0 2.332723628067605 7.878014269679626E-02 10.87710 0.2 -24.440 0.017
SAMI_matched  618992 1 2.315383152851311 6.935516703337791E-02 10.48560 0.2 -25.081 0.003
SAMI_matched  619095 0 2.277250951351312 1.352579690439457E-02 10.21610 0.2 -24.138 0.026
SAMI_matched  619097 0 2.006028336050523 6.061869806719168E-02  9.62275 0.2 -22.840 0.018
SAMI_matched  619098 0 1.766145994938523 7.487060335612869E-02  8.95846 0.2 -21.341 0.023
SAMI_matched  620087 0 1.952832344771406 3.780556377197821E-02  8.91199 0.2 -21.369 0.040
SAMI_matched  620098 0 1.784763744322581 1.218756458876036E-01  8.72590 0.2 -20.653 0.053
SAMI_matched  622429 0 2.171107860655816 7.252313537933971E-02 10.74020 0.2 -24.043 0.010
SAMI_matched  622434 1 2.312317939990657 1.607470101575810E-02 10.85950 0.2 -24.256 0.007
SAMI_matched  622534 0 1.769438725280260 3.241609395992049E-02  8.91478 0.2 -20.900 1.000
SAMI_matched  623679 1 2.096985699575471 2.470396350721997E-02 10.03080 0.2 -23.371 0.031
KROSS              5 0 2.081255197525024 3.525975346565247E-02 10.03440 0.2 -22.896 0.016
KROSS             15 0 1.579372763633728 3.876435756683350E-02  9.38188 0.2 -22.035 0.077
KROSS             20 1 2.187890052795410 3.206323832273483E-02  9.64542 0.2 -23.145 0.024
KROSS             23 0 1.946858525276184 3.278728947043419E-02  9.08877 0.2 -21.525 0.074
KROSS             25 1 2.206140995025635 4.102254658937454E-02 10.17340 0.2 -23.052 0.019
KROSS             27 0 1.804810881614685 3.146992996335030E-02  8.97487 0.2 -21.097 0.104
KROSS             29 0 1.818619966506958 4.289664328098297E-02  9.29125 0.2 -21.961 0.053
KROSS             31 0 2.012503385543823 3.170949220657349E-02  9.65445 0.2 -22.853 0.029
KROSS             34 1 1.967591762542725 3.914228454232216E-02  9.38095 0.2 -22.361 0.046
KROSS             35 1 2.086123943328857 4.592876508831978E-02 10.08340 0.2 -23.272 0.019
KROSS             41 0 1.744587182998657 2.737687900662422E-02 10.35770 0.2 -23.365 0.016
KROSS             43 0 1.478303909301758 3.334620594978333E-02  9.19753 0.2 -21.817 0.067
KROSS             44 0 1.850748777389526 4.031552001833916E-02  9.73330 0.2 -21.899 0.050
KROSS             46 0 1.901844978332520 3.314266353845596E-02 10.54750 0.2 -23.746 0.013
KROSS             47 1 2.257213830947876 1.593873277306557E-02 10.26560 0.2 -23.274 0.016
KROSS             51 1 2.148358583450317 5.480083450675011E-02 10.40630 0.2 -23.393 0.017
KROSS             52 0 1.974998831748962 7.224394381046295E-02 10.01540 0.2 -23.290 0.022
KROSS             54 0 2.052204370498657 2.131190337240696E-02  9.34150 0.2 -21.843 0.059
KROSS             56 0 2.012644529342651 3.613630682229996E-02  9.20728 0.2 -21.656 0.067
KROSS             63 0 1.805801391601562 3.272491693496704E-02  9.32564 0.2 -22.264 0.061
KROSS             65 0 1.958940386772156 2.264309488236904E-02  9.25110 0.2 -22.136 0.049
KROSS             67 1 2.403745651245117 3.155618906021118E-02 10.51520 0.2 -23.963 0.011
KROSS             68 0 1.969563603401184 3.283822163939476E-02  9.65304 0.2 -22.675 0.032
KROSS             70 0 2.043665647506714 3.896169736981392E-02 10.24470 0.2 -23.298 0.017
KROSS             71 1 2.238617658615112 1.276192665100098E-01  9.87652 0.2 -23.270 0.025
KROSS             72 0 1.864329338073730 3.661857545375824E-02  9.59786 0.2 -22.550 0.030
KROSS             75 1 1.931004643440247 4.289852455258369E-02  9.50810 0.2 -22.709 0.033
KROSS             78 0 2.256304740905762 3.650753945112228E-02 10.26750 0.2 -23.681 0.015
KROSS             80 0 1.862311005592346 4.283677786588669E-02  9.36469 0.2 -22.158 0.047
KROSS             81 0 2.335518121719360 4.055931046605110E-02  9.93555 0.2 -23.529 0.019
KROSS             83 0 1.636168003082275 3.759833052754402E-02  9.17117 0.2 -21.660 0.070
KROSS             87 1 2.289381742477417 3.419866040349007E-02 10.12640 0.2 -23.204 0.021
KROSS             88 0 2.290409564971924 3.634831681847572E-02 10.22630 0.2 -23.507 0.016
KROSS             90 1 2.178150177001953 4.005941748619080E-02 10.00780 0.2 -24.156 0.012
KROSS             92 1 2.394082546234131 4.326157644391060E-02 10.64990 0.2 -24.267 0.012
KROSS             94 1 2.380541324615479 3.533229231834412E-02 10.49110 0.2 -24.043 0.015
KROSS             95 1 2.321532249450684 3.413074836134911E-02 10.76350 0.2 -25.036 0.012
KROSS            106 1 2.354878187179565 3.590228408575058E-02  9.87486 0.2 -23.565 0.016
KROSS            116 1 2.149075269699097 3.682386130094528E-02 10.25510 0.2 -23.411 0.017
KROSS            117 0 2.042310237884521 4.724521189928055E-02  9.45298 0.2 -22.472 0.034
KROSS            118 1 2.160621166229248 3.206827864050865E-02  9.85892 0.2 -23.239 0.022
KROSS            123 1 2.208279132843018 2.816476672887802E-02 10.27350 0.2 -23.197 0.020
KROSS            124 1 2.229913949966431 3.204090893268585E-02  9.44767 0.2 -22.315 0.043
KROSS            126 1 2.050884008407593 3.589717298746109E-02 10.44710 0.2 -23.948 0.012
KROSS            134 1 2.081804513931274 4.560345411300659E-02  9.49640 0.2 -22.503 0.036
KROSS            135 1 2.349992513656616 2.618262544274330E-02 10.22040 0.2 -23.760 0.019
KROSS            136 1 2.185469627380371 4.010487720370293E-02 10.11290 0.2 -23.003 0.022
KROSS            137 0 1.972788929939270 3.808015584945679E-02  9.45200 0.2 -22.549 0.035
KROSS            143 0 2.031260967254639 1.823294535279274E-02 10.32710 0.2 -23.566 0.018
KROSS            145 1 2.258694410324097 3.074718825519085E-02  9.84605 0.2 -23.121 0.024
KROSS            146 0 1.427649617195129 3.297213464975357E-02 10.16720 0.2 -23.899 0.025
KROSS            148 1 2.005819320678711 3.952068835496902E-02  9.69515 0.2 -22.830 0.031
KROSS            149 1 2.170027971267700 3.413185477256775E-02  9.99661 0.2 -23.357 0.019
KROSS            150 1 2.271347045898438 3.732486814260483E-02 10.44950 0.2 -23.877 0.012
KROSS            152 1 2.315107822418213 3.545829281210899E-02 10.37980 0.2 -23.723 0.013
KROSS            153 1 2.293800115585327 3.776598349213600E-02 10.31780 0.2 -23.547 0.016
KROSS            154 0 1.999696254730225 3.762280568480492E-02 10.11400 0.2 -23.328 0.016
KROSS            155 1 2.172313928604126 4.058900848031044E-02 10.07240 0.2 -23.712 0.015
KROSS            157 0 2.046946048736572 2.769410051405430E-02  9.56994 0.2 -22.599 0.033
KROSS            161 0 1.665802001953125 2.608470059931278E-02 10.29550 0.2 -23.554 0.016
KROSS            165 1 2.054617643356323 4.091315716505051E-02  9.62164 0.2 -22.502 0.034
KROSS            171 1 2.215268373489380 4.374788329005241E-02  9.94171 0.2 -23.257 0.018
KROSS            173 0 1.826072335243225 3.000441007316113E-02 10.16840 0.2 -23.137 0.041
KROSS            176 0 1.939775943756104 2.394128590822220E-02 10.13080 0.2 -22.911 0.035
KROSS            183 1 2.253810405731201 3.501315414905548E-02 10.60770 0.2 -24.097 0.082
KROSS            184 1 2.357883214950562 4.003968462347984E-02 11.00910 0.2 -25.086 0.010
KROSS            185 0 1.733872532844543 3.545066714286804E-02  9.87316 0.2 -22.627 0.116
KROSS            186 0 2.182874441146851 3.860112652182579E-02 10.70680 0.2 -24.515 0.011
KROSS            188 1 1.985755085945129 3.623058646917343E-02 10.37420 0.2 -23.540 0.022
KROSS            189 1 2.101208209991455 4.005079343914986E-02 10.33600 0.2 -23.650 0.014
KROSS            198 0 1.906015634536743 3.578794375061989E-02 10.32820 0.2 -23.651 0.025
KROSS            201 1 2.278575420379639 3.875417634844780E-02 10.59140 0.2 -23.913 0.008
KROSS            203 0 1.946925878524780 3.990457952022552E-02 10.25220 0.2 -23.235 0.031
KROSS            204 0 2.153820753097534 3.295005857944489E-02 10.58130 0.2 -23.701 0.014
KROSS            205 0 1.976553559303284 2.407040633261204E-02  9.50584 0.2 -22.591 0.097
KROSS            206 0 1.546692490577698 3.180683776736259E-02  9.94112 0.2 -22.919 0.043
KROSS            215 0 1.916756510734558 4.231014847755432E-02 10.28150 0.2 -23.329 0.091
KROSS            217 0 1.910334944725037 3.174667060375214E-02 10.28670 0.2 -23.423 0.025
KROSS            224 1 2.306889533996582 4.302104935050011E-02 10.66260 0.2 -23.817 0.014
KROSS            228 0 2.121721029281616 2.157032862305641E-02 10.64360 0.2 -24.357 0.011
KROSS            229 1 2.053313493728638 2.252943441271782E-02  9.85536 0.2 -22.303 0.069
KROSS            234 1 2.132774114608765 2.053035236895084E-02  9.91371 0.2 -22.834 0.042
KROSS            236 1 2.228985309600830 3.009281493723392E-02 10.42860 0.2 -23.716 0.024
KROSS            237 0 2.119680881500244 3.034935146570206E-02 10.65550 0.2 -24.436 0.014
KROSS            240 0 2.103999376296997 2.899491973221302E-02 10.44150 0.2 -23.861 0.013
KROSS            241 0 1.970757603645325 2.321089804172516E-02  9.96275 0.2 -22.722 0.049
KROSS            244 1 2.338635683059692 4.020545631647110E-02 10.52050 0.2 -23.749 0.009
KROSS            247 1 2.264439582824707 3.788658231496811E-02 10.72170 0.2 -24.449 0.012
KROSS            248 1 2.037475585937500 3.529238328337669E-02 10.00630 0.2 -23.140 0.042
KROSS            249 1 2.236479043960571 3.371267765760422E-02 10.51300 0.2 -23.948 0.015
KROSS            253 0 1.645435690879822 3.118334710597992E-02  9.89199 0.2 -22.494 0.036
KROSS            254 1 2.116567134857178 3.938041999936104E-02 10.38400 0.2 -23.547 0.017
KROSS            257 0 1.742029666900635 1.202588006854057E-01  9.29785 0.2 -21.581 0.100
KROSS            258 0 1.719070792198181 2.569259516894817E-02 10.06390 0.2 -23.506 0.108
KROSS            259 1 2.121469020843506 4.173301532864571E-02 10.32530 0.2 -23.623 0.543
KROSS            260 0 2.000141143798828 2.694897539913654E-02 10.26090 0.2 -23.347 0.080
KROSS            262 0 1.668414115905762 3.127362206578255E-02  8.65064 0.2 -20.982 0.193
KROSS            265 0 1.864137887954712 5.218911916017532E-02 10.19370 0.2 -23.275 0.035
KROSS            268 0 1.676877140998840 1.500912103801966E-02 10.31640 0.2 -23.664 0.072
KROSS            269 0 2.108022212982178 4.573188722133636E-02  9.83834 0.2 -22.633 0.053
KROSS            270 1 2.267952203750610 3.521976619958878E-02 10.47170 0.2 -23.981 0.036
KROSS            274 1 2.111346006393433 3.852186724543571E-02 10.76220 0.2 -24.396 0.026
KROSS            276 1 2.196050405502319 2.427991293370724E-02 10.08680 0.2 -22.846 0.031
KROSS            277 0 1.621438264846802 4.112868383526802E-02 10.20580 0.2 -23.375 0.024
KROSS            279 0 1.976524949073792 4.242339730262756E-02 10.36450 0.2 -23.891 0.021
KROSS            285 0 1.538169741630554 4.205889254808426E-02  9.42690 0.2 -22.283 0.068
KROSS            287 1 2.257843732833862 3.441482782363892E-02 10.66190 0.2 -24.341 0.014
KROSS            291 0 1.791007518768311 2.165076136589050E-02  9.11719 0.2 -21.522 0.207
KROSS            292 1 2.359363317489624 4.305760562419891E-02 10.79260 0.2 -24.377 0.010
KROSS            293 0 1.702121615409851 4.521574079990387E-02  9.36047 0.2 -21.880 0.121
KROSS            296 0 1.783869862556458 3.124213777482510E-02  9.92968 0.2 -22.741 0.034
KROSS            298 0 1.750600218772888 2.025578729808331E-02 10.24840 0.2 -24.190 0.072
KROSS            301 1 2.227166652679443 4.424826800823212E-02 10.40490 0.2 -23.718 0.017
KROSS            308 0 2.035495758056641 3.472999110817909E-02 10.22730 0.2 -23.263 0.205
KROSS            312 1 2.032156705856323 4.403315111994743E-02 10.18540 0.2 -23.281 0.024
KROSS            315 0 1.882673740386963 1.233977638185024E-02 10.10430 0.2 -23.097 0.087
KROSS            316 1 2.135252237319946 2.979318983852863E-02 10.43240 0.2 -24.059 0.330
KROSS            317 0 2.229363203048706 3.498969227075577E-02 10.98400 0.2 -24.971 0.009
KROSS            323 1 2.156489372253418 7.862095534801483E-02 10.01530 0.2 -24.174 0.200
KROSS            324 1 2.236287832260132 5.777034536004066E-02 10.40820 0.2 -24.906 0.200
KROSS            325 1 2.332009553909302 5.995785817503929E-02 10.80600 0.2 -24.439 0.200
KROSS            330 0 1.879869222640991 6.746248155832291E-02  9.73332 0.2 -23.615 0.200
KROSS            331 0 1.947185635566711 8.322954922914505E-02  9.98070 0.2 -23.729 0.200
KROSS            333 1 2.308544397354126 5.163552612066269E-02  9.91753 0.2 -23.916 0.200
KROSS            335 0 1.821934461593628 7.832843065261841E-02 10.09410 0.2 -23.655 0.200
KROSS            338 0 2.301903963088989 6.902228295803070E-02  9.82837 0.2 -23.234 0.200
KROSS            339 1 2.285897016525269 5.668393149971962E-02 10.41660 0.2 -23.799 0.200
KROSS            341 0 2.075551748275757 7.358451932668686E-02  9.84891 0.2 -22.660 0.200
KROSS            342 0 1.701606631278992 2.773945406079292E-02  8.91496 0.2 -21.287 0.200
KROSS            344 0 2.206826448440552 2.505041100084782E-02  9.75893 0.2 -22.644 0.200
KROSS            345 0 1.690164089202881 1.649109460413456E-02  9.29060 0.2 -21.993 0.200
KROSS            346 0 1.629873752593994 1.243074834346771E-01  9.15541 0.2 -21.946 0.200
KROSS            347 0 1.562345027923584 2.482988871634007E-02  9.08412 0.2 -21.352 0.200
KROSS            351 0 1.439703464508057 1.136658415198326E-01  9.08980 0.2 -21.702 0.200
KROSS            353 1 2.233563661575317 7.658792287111282E-02  9.46279 0.2 -22.400 0.200
KROSS            362 0 1.987221240997314 6.869960576295853E-02  9.92434 0.2 -22.476 0.029
KROSS            364 0 2.114686965942383 6.367786228656769E-02  9.87909 0.2 -23.653 0.200
KROSS            367 0 2.031373262405396 4.463964328169823E-02 10.01360 0.2 -23.784 0.200
KROSS            370 0 2.153235435485840 6.584853678941727E-02  9.53542 0.2 -22.377 0.200
KROSS            372 0 2.176221609115601 6.235285848379135E-02 10.13020 0.2 -23.903 0.200
KROSS            373 1 2.170899868011475 8.950258046388626E-02  9.75785 0.2 -23.165 0.200
KROSS            375 0 1.953208565711975 7.063157856464386E-02  9.56878 0.2 -22.900 0.200
KROSS            376 0 1.866210699081421 4.765771329402924E-02  9.90061 0.2 -23.241 0.200
KROSS            377 1 2.257883071899414 5.997085571289062E-02 10.43630 0.2 -24.594 0.200
KROSS            378 1 2.210138559341431 6.646817177534103E-02 10.39460 0.2 -24.530 0.200
KROSS            379 0 1.306701898574829 1.249605715274811E-01  9.63988 0.2 -23.055 0.200
KROSS            383 1 2.296019554138184 6.484340876340866E-02 10.80340 0.2 -25.511 0.200
KROSS            384 0 2.465656518936157 1.702286861836910E-02 10.63020 0.2 -25.082 0.200
KROSS            385 1 2.039152860641479 5.953478068113327E-02 10.09590 0.2 -23.825 0.015
KROSS            388 0 2.107137680053711 5.603380128741264E-02 10.47210 0.2 -24.875 0.028
KROSS            393 1 2.235046863555908 9.346736222505569E-02 10.00960 0.2 -24.064 0.040
KROSS            395 1 2.222110748291016 9.268588572740555E-02 10.12380 0.2 -24.350 0.039
KROSS            397 1 2.257132291793823 7.847200334072113E-02 10.53160 0.2 -24.720 0.200
KROSS            399 1 2.343038082122803 6.289131194353104E-02 10.23340 0.2 -24.953 0.032
KROSS            415 1 2.052256345748901 7.826311141252518E-02 10.02130 0.2 -23.758 0.045
KROSS            417 1 2.175821542739868 6.370735913515091E-02 10.18480 0.2 -24.153 0.035
KROSS            420 0 2.219005346298218 1.281514465808868E-01  9.99381 0.2 -23.626 0.047
KROSS            423 0 1.636119604110718 2.912332676351070E-02 10.08750 0.2 -23.985 0.061
KROSS            425 0 1.856619715690613 8.467586338520050E-02 10.46060 0.2 -25.151 0.024
KROSS            428 0 1.815852284431458 3.343168646097183E-02  9.48053 0.2 -22.561 0.092
KROSS            433 0 1.877684354782104 6.893830746412277E-02  9.57441 0.2 -22.970 0.070
KROSS            435 0 2.103588104248047 7.415331900119781E-02 10.71680 0.2 -25.627 0.019
KROSS            445 1 2.128447771072388 7.976756989955902E-02 10.28300 0.2 -24.349 0.045
KROSS            446 0 1.798268079757690 4.557505622506142E-02 10.19300 0.2 -25.375 0.022
KROSS            447 1 2.148962497711182 6.352702528238297E-02  9.89333 0.2 -24.307 0.042
KROSS            452 0 1.991072177886963 4.142121970653534E-02  9.77231 0.2 -23.291 0.059
KROSS            455 0 2.327317714691162 5.966401845216751E-02 10.49390 0.2 -24.984 0.019
KROSS            459 0 1.917976737022400 7.128588110208511E-02 10.98020 0.2 -25.136 0.014
KROSS            460 1 2.317259550094604 3.876923024654388E-02 10.14060 0.2 -24.142 0.040
KROSS            461 1 2.056152820587158 6.731765717267990E-02 10.25980 0.2 -24.234 0.033
KROSS            464 0 1.513901472091675 5.959655344486237E-02  9.98798 0.2 -23.028 0.083
KROSS            466 1 1.957359671592712 1.102969571948051E-01 10.35920 0.2 -25.204 0.027
KROSS            467 0 2.168487787246704 5.336013063788414E-02 10.27720 0.2 -24.524 0.031
KROSS            468 1 2.448036909103394 7.979117333889008E-02 10.64980 0.2 -26.030 0.016
KROSS            471 1 1.962433934211731 9.221357107162476E-02 10.41340 0.2 -24.909 0.028
KROSS            474 0 1.873682022094727 1.051285490393639E-01  9.82866 0.2 -23.263 0.054
KROSS            480 0 1.501146554946899 1.261848509311676E-01  9.28504 0.2 -22.375 0.092
KROSS            486 0 1.774079084396362 8.454609662294388E-02  9.66915 0.2 -23.033 0.051
KROSS            489 1 2.105790853500366 1.258484572172165E-01  9.80074 0.2 -23.193 0.066
KROSS            491 0 1.573431968688965 1.234722435474396E-01  9.44770 0.2 -22.442 0.200
KROSS            500 0 1.909660935401917 7.835989445447922E-02 10.48720 0.2 -24.373 0.028
KROSS            504 1 1.872025847434998 9.457191824913025E-02  9.60382 0.2 -22.870 0.102
KROSS            508 1 2.424646854400635 5.401619151234627E-02 10.68460 0.2 -25.502 0.018
KROSS            509 0 2.147279977798462 2.824529446661472E-02 10.37750 0.2 -23.569 0.061
KROSS            517 0 1.478206634521484 8.372668176889420E-02  9.96322 0.2 -23.493 0.048
KROSS            519 0 1.812306165695190 1.257047951221466E-01  9.51150 0.2 -22.420 0.118
KROSS            532 0 1.802923321723938 1.002165004611015E-01  9.49385 0.2 -22.193 0.200
KROSS            543 0 2.218394041061401 2.596292458474636E-02  9.07997 0.2 -21.115 0.064
KROSS            546 0 2.035948514938354 6.667810678482056E-02  9.53378 0.2 -22.488 0.022
KROSS            547 1 2.233744621276855 5.344935506582260E-02 10.27230 0.2 -23.454 0.007
KROSS            549 1 2.269917488098145 3.741556033492088E-02 10.53010 0.2 -24.445 0.006
KROSS            552 0 2.095071077346802 5.074820667505264E-02  9.97587 0.2 -23.401 0.011
KROSS            553 0 2.039881467819214 3.284137323498726E-02  9.99443 0.2 -23.923 0.009
KROSS            556 0 2.153775453567505 6.631481647491455E-02 10.20380 0.2 -23.919 0.008
KROSS            563 0 1.857866764068604 5.461695790290833E-02  9.80274 0.2 -23.558 0.013
KROSS            564 0 1.802141308784485 1.083810776472092E-01  8.71470 0.2 -20.900 0.104
KROSS            565 1 2.254319667816162 1.175292134284973E-01  8.88288 0.2 -21.165 0.092
KROSS            570 0 1.575524926185608 6.498406827449799E-02 10.91430 0.2 -24.584 0.002
KROSS            576 1 2.064310312271118 3.535506129264832E-02  9.48979 0.2 -22.784 0.019
KROSS            578 0 1.997458815574646 7.816518843173981E-02 10.08170 0.2 -23.635 0.008
KROSS            579 0 1.814394712448120 1.518169790506363E-02  9.48581 0.2 -22.806 0.033
KROSS            582 0 2.071434497833252 6.901833415031433E-02 10.32220 0.2 -24.349 0.010
KROSS            583 1 2.282628536224365 6.133481487631798E-02 10.76020 0.2 -24.750 0.003
KROSS            584 1 2.006875038146973 7.729098945856094E-02  9.79874 0.2 -23.068 0.017
KROSS            589 1 1.968428254127502 4.376222193241119E-02  9.58197 0.2 -22.809 0.017
KROSS            591 0 1.966942548751831 7.153020799160004E-02  9.13390 0.2 -21.768 0.045
KROSS            592 0 1.795264959335327 5.726711079478264E-02  9.59727 0.2 -23.130 0.017
KROSS            594 0 1.475431084632874 2.775013446807861E-02  8.98162 0.2 -21.506 0.060
KROSS            595 0 1.739599347114563 6.373469531536102E-02  9.48058 0.2 -22.433 0.024
KROSS            596 0 1.785412549972534 1.672252640128136E-02  8.97275 0.2 -21.553 0.080
KROSS            597 0 1.783704996109009 5.975177511572838E-02  9.88787 0.2 -23.892 0.007
KROSS            600 0 1.770180821418762 2.455047145485878E-02  9.68639 0.2 -23.142 0.018
KROSS            604 1 2.070446014404297 7.267871499061584E-02  9.30508 0.2 -22.180 0.029
KROSS            605 0 1.759137392044067 2.010199241340160E-02  9.20504 0.2 -21.802 0.064
KROSS            619 0 1.860240340232849 3.618239611387253E-02  9.72698 0.2 -23.210 0.012
KROSS            624 0 2.068064689636230 3.280928730964661E-02 10.22690 0.2 -24.658 0.007
KROSS            642 0 2.087732553482056 7.168991118669510E-02 10.94700 0.2 -25.748 0.002
KROSS            644 0 1.908379673957825 6.235806271433830E-02  9.26326 0.2 -22.116 0.032
KROSS            645 0 2.113438129425049 3.305089846253395E-02 10.47360 0.2 -24.373 0.004
KROSS            646 0 2.029312610626221 2.468591742217541E-02  9.30439 0.2 -22.550 0.027
KROSS            650 0 1.815539956092834 5.926129594445229E-02  9.63357 0.2 -22.718 0.021
KROSS            657 0 1.926171422004700 3.348328918218613E-02  9.58431 0.2 -22.595 0.024
KROSS            658 1 2.015429735183716 3.972063586115837E-02  9.45052 0.2 -22.218 0.036
KROSS            660 0 1.779385447502136 1.166207641363144E-01  8.90748 0.2 -21.422 0.069
KROSS            661 1 1.924691677093506 4.221961647272110E-02  8.87629 0.2 -21.141 0.081
KROSS            664 1 2.158034801483154 1.257242262363434E-01  9.17984 0.2 -22.127 0.036
KROSS            667 0 1.680880784988403 6.085560098290443E-02  9.34367 0.2 -22.297 0.031
KROSS            672 1 2.175949573516846 6.008633226156235E-02 11.04470 0.2 -25.263 0.003
KROSS            673 0 1.593575000762939 2.935751155018806E-02  9.76284 0.2 -23.571 0.015
KROSS            677 1 2.156841754913330 5.754989758133888E-02  9.98743 0.2 -24.085 0.002
KROSS            681 1 2.368923664093018 5.807851627469063E-02 10.65480 0.2 -23.815 0.002
KROSS            682 0 2.028008222579956 5.830748751759529E-02 10.89190 0.2 -24.563 0.001
KROSS            685 1 2.335599899291992 6.614741683006287E-02 10.69020 0.2 -23.903 0.002
KROSS            688 0 1.921860814094543 5.596660822629929E-02  9.74003 0.2 -23.169 0.021
KROSS            690 1 2.049395084381104 3.581957146525383E-02  9.58267 0.2 -22.967 0.018
KROSS            691 1 2.296464443206787 6.538192182779312E-02 10.04020 0.2 -24.151 0.008
KROSS            692 0 1.780217885971069 8.422036468982697E-02  9.82631 0.2 -23.577 0.011
KROSS            695 0 2.052141904830933 4.890982806682587E-02 11.02460 0.2 -24.854 0.001
KROSS            700 1 2.076186656951904 6.113655865192413E-02 10.27410 0.2 -23.309 0.003
KROSS            701 1 2.216808319091797 5.403207987546921E-02 10.50120 0.2 -23.796 0.003
KROSS            703 0 2.098845481872559 7.409407943487167E-02  9.75068 0.2 -23.367 0.004
KROSS            704 1 2.361731290817261 7.200632244348526E-02 10.81620 0.2 -24.339 0.002
KROSS            705 0 2.077211618423462 4.683487489819527E-02  9.33609 0.2 -23.172 0.005
KROSS            706 1 2.404206514358521 5.305938795208931E-02 10.84780 0.2 -24.412 0.001
KROSS            709 0 2.280092477798462 8.323738723993301E-02 10.64730 0.2 -24.047 0.002
KROSS            714 1 1.870694518089294 5.499910935759544E-02  9.41675 0.2 -22.197 0.038
KROSS            716 1 1.961217641830444 6.425666064023972E-02  9.39423 0.2 -22.247 0.026
KROSS            717 1 2.118842601776123 5.290899425745010E-02  9.43918 0.2 -22.417 0.023
KROSS            718 1 2.491247892379761 5.614363774657249E-02 11.12310 0.2 -25.392 0.003
KROSS            719 0 1.829096674919128 4.633969441056252E-02  9.44927 0.2 -22.631 0.018
KROSS            725 1 2.157593011856079 5.557326227426529E-02  9.73446 0.2 -23.254 0.015
KROSS            726 1 2.208854198455811 7.529378682374954E-02  9.69371 0.2 -23.367 0.016
KROSS            727 0 2.187766075134277 7.301265001296997E-02 10.44960 0.2 -25.296 0.003
KROSS            732 1 2.174854278564453 5.642276257276535E-02 10.04600 0.2 -23.335 0.011
KROSS            734 0 1.903774261474609 4.695381224155426E-02  9.38830 0.2 -22.482 0.024
KROSS            735 1 2.095388412475586 3.877006471157074E-02  9.92552 0.2 -23.636 0.010
KROSS            738 0 2.133630275726318 4.943457245826721E-02 10.01550 0.2 -23.088 0.014
KROSS            741 1 2.013525724411011 6.739766895771027E-02  9.83771 0.2 -23.220 0.017
KROSS            742 0 1.919734954833984 3.758031874895096E-02  9.61889 0.2 -23.229 0.016
