muse_id model virial_velocity virial_velocity_err log_Mvir log_Mdvir_err concentration concentration_err rs_kpc rs_kpc_err rhos rhos_err log_X log_X_err
3 DC14 126.27302053440118 7.289079538916234 11.75867459743989 0.07407093979791769 11.60586459481388 1.4579090122652842 9.379458182615314 1.8191151326674408 13890498.898429714 4169746.3551403196 -1.7162496336143993 0.07926756893906524
11 DC14 147.4725389089124 6.037321780656576 11.832606697021264 0.05311737695933089 10.583462485502505 1.2908005223511407 8.526487153735241 1.4915477578077874 19393119.656204123 5196215.185917475 -1.851793990852318 0.08062757745873629
12 DC14 154.7537470212452 10.570362792930199 11.907307851148495 0.08861337248478864 13.245228562345623 0.720515046504683 6.4380578383385165 0.7803375534342533 32506355.954643022 4152962.750196108 -2.8991896063036697 0.10762660245198663
13 DC14 80.60883470141235 3.6103374372768577 11.05747429463039 0.05683835625511272 16.441364188056394 1.6933205043482848 2.8260712046611736 0.78519946110109 48824596.915664636 9920317.405202819 -2.4777779856513917 0.3025195062106487
15 DC14 106.75312347706385 3.016576931067492 11.524785521546164 0.03666590131954373 23.364134012848467 1.834547063922217 6.935975387040112 3.538465147554577 59467671.01442975 19794878.580727562 -1.3065758129121938 0.09485593581813649
17 DC14 298.17408869742354 2.1759598405766725 12.807256380309138 0.009574137011888448 5.073887513962067 0.09154256945618139 38.900291662156725 0.7394669316310323 2412793.105814064 99046.55895853782 -2.257404564280843 0.030348346742275087
21 DC14 81.03065196684818 3.077034582010538 11.094713273523647 0.04864512158754134 22.33096149402776 3.0606876935072975 2.5841575575597364 1.1247787075659248 104725022.52620834 29914402.832714014 -1.6592592570187166 0.10790148052879946
25 DC14 121.74113504652291 8.981031303932545 11.643779271010516 0.09492776741583542 13.030209862261922 2.9360703700899715 6.415204349346311 2.2702834998848394 23159032.552161153 12756166.970292727 -1.962263983519278 0.3591778450311561
26 DC14 141.0336227203197 10.321169134994733 11.74729213752807 0.09162938681008706 17.8216078260566 1.5966478688078756 4.204158741134504 0.9919272257711015 69937856.54064688 13230762.62958338 -2.4734181722039708 0.30602588307330203
26 DC14 103.41381870085029 2.070106270181595 11.343059873367778 0.026090397233468975 24.357777614131457 0.8436582785932925 2.37031998699371 0.1206503733658817 155047390.7902422 10620665.930205926 -2.008569327906798 0.03876200500763077
28 DC14 140.22791277856084 11.749705109050312 11.84835075082472 0.1064502038964799 24.290637446574422 0.8387127977193989 4.213493788967107 0.3598850388410067 95065916.0876837 8966249.888590585 -1.952046165524647 0.09806976564599822
32 DC14 96.77576095238271 5.3575767720023375 11.21059836025542 0.07130748878848572 11.574494024566487 1.0217033837497307 3.980049909800964 0.6062521368630187 31274275.310652513 6637145.500940135 -2.4694416256610037 0.2687379472150666
37 DC14 140.98512243722567 18.785818845540554 11.790409137618974 0.1737417925607045 6.0207673516103455 0.4841736615889973 13.055038225278722 2.578005270635257 5030720.176346048 837031.770028433 -2.8534215335044717 0.12439847998874831
45 DC14 110.01039147835846 16.032701993110525 11.511860639565278 0.18596569097206647 9.168882391050984 2.685341419279602 8.66231270126224 4.268703813946494 10054634.160965856 7761083.4153514085 -1.8828913099042714 0.3610878876321908
66 DC14 87.58870463194273 27.788142918142874 11.178170268282415 0.35652654629735486 15.044017447724126 3.301178045112643 3.4140089403442633 2.640066440572428 38281968.868311614 19924319.27705379 -2.6730172392793765 0.2415196384000197
69 DC14 70.04784166766507 29.338032625882025 11.016600446337483 0.5363802014694002 9.72612529819797 3.1551215268590793 5.641881381504364 4.6366153207453245 8440477.892910454 7925654.964346771 -2.950433918840022 0.3976930303856808
72 DC14 52.8707269883899 19.73015185336402 10.479500234020717 0.4366470287404037 8.5869081503327 3.203007680430799 3.3956708058005547 2.3642966658400155 12297472.782445595 16716452.657444853 -2.497693117417468 0.3254157275523181
95 DC14 106.90156654374873 24.985380572924885 11.418755061460725 0.2765281759446642 12.783039455029364 2.7703123504315577 4.702919447911092 2.3972707036899608 28123966.052435014 16130318.422810696 -2.600281582259156 0.26141093371685875
859 DC14 241.76156192012346 5.607072812303411 12.660918085218901 0.030621777685765753 24.826780145783257 0.20812595890853142 8.142958249877534 0.20848139609882455 63961842.57982314 4681236.3085701475 -2.838657388757787 0.28164455883459466
863 DC14 65.46005551939282 0.06749035969402953 10.99864363588609 0.001343273077685988 24.998883742608754 0.0014252702272101248 9.62263524615489 0.21362650480185427 27630445.407511905 388630.0961041216 -1.212855276052843 0.0019570956832865995
864 DC14 167.667001201444 3.4566517653844735 12.112627714221066 0.026680258215222376 22.21185937706832 3.5680823270756057 7.759466991295627 7.236871905268329 68510739.47236672 27722919.095398583 -1.4527036165519918 0.1663780272770011
875 DC14 129.33533837215668 4.137239905789602 11.775089052355813 0.04196749650813017 24.374178973390336 1.0920872566000808 3.853131172548732 0.2786409826720982 80784827.79566944 11078614.676894521 -2.5365874415165903 0.42544184144019914
876 DC14 176.2554727207919 28.37904354962517 12.293660216713567 0.21087080322822804 5.696605168782519 0.7417617757975069 28.56976833139941 5.263011942121275 1559083.0925225115 521698.6737989764 -2.606263992431872 0.21070443457949617
884 DC14 213.36944850516574 2.605795098187223 12.404613170941674 0.015887235366928723 24.93784292435362 0.0723416412289262 5.653458428419091 0.07388034641187763 108010611.12223086 785739.5880042478 -2.99535497926287 0.005870935593231677
887 DC14 126.3888551985454 29.230047298691325 11.827528852734828 0.23157910495661022 19.01748179777988 4.435412983256446 6.361481431543787 4.626137773787985 32858916.842114024 16049180.4960646 -1.836968861018824 0.16427797710915967
888 DC14 155.73292233956656 6.0573104761126535 12.128728946650005 0.05035072298487335 24.31470832884493 0.6445901263736141 5.753955090104585 0.3664378357661925 52010223.63927761 2715806.7850567764 -2.903646874708806 0.06092177707739173
899 DC14 121.2369696048116 9.220860921395534 11.560843519125285 0.09611518960503342 12.591451327237017 2.554435681320807 5.831521799292114 1.9614623103619064 33027419.215212148 16045012.828807984 -1.7509902867978888 0.08588537979695937
901 DC14 87.82208386286001 2.462011462349 11.318279658818303 0.03616253529891116 22.894466563856056 2.1165034193250554 6.163062547751922 3.2624034806789104 46836306.47134963 16061400.337028544 -1.3241180848330358 0.09895318797125417
905 DC14 92.82750085558888 40.951885853339185 11.342771612138632 0.38949967796675383 15.314091725211574 5.521101472493343 6.347620199302993 5.8312758411447785 26367057.06592644 26275437.77168132 -1.58057112829249 0.33537232679583856
909 DC14 81.38132123213929 13.979839921839588 11.148663398880775 0.19259487857086524 9.218414294099407 1.9025361270039411 6.3192154661090285 3.1974311157446698 8726171.749096293 3923243.7808850547 -2.2002101303650576 0.36233788354708485
910 DC14 79.6143382291983 34.00595191302122 11.277847416027292 0.518694545187951 13.0872938704335 4.5601542754809055 6.426975906707575 5.888142040765022 9920566.028196238 9251102.523742907 -2.5101989708400834 0.36210770743296383
911 DC14 108.10145702537189 2.550807559107861 11.540420880708092 0.03075590087456723 23.451078844732162 1.4651121027206424 7.50814507598984 3.135368203590232 56972057.659958385 16867793.56042091 -1.2930853632149333 0.07582206224882342
915 DC14 71.83275017394217 11.137291663077585 11.057053716798118 0.19847866238127793 12.613633229492835 4.163519006669093 5.012843327067324 4.321320049998837 13426484.232456611 12333404.235432964 -1.998537542440201 0.4893311561121839
916 DC14 111.12264216295355 5.54647666834248 11.395453775562471 0.06482266638825479 11.844612621743448 3.803829099564134 7.026660454509106 7.526954486924789 32524787.558045916 33443231.74215519 -1.4255745922079068 0.3357857395797008
918 DC14 117.45821129080778 64.89352928278826 11.728202810742635 0.6485810228033202 13.333759033674623 5.547032380864864 8.12154483239674 9.266733087692566 14427260.631270085 17376754.709301434 -2.754900387517683 0.5567343618272527
925 DC14 149.44679428216207 5.730583695321448 11.77967643906971 0.04999374878626995 15.892525799181872 3.2952687846026993 8.388867971956214 6.4949385784317615 57797196.466968276 43787384.69280406 -1.3505727876223292 0.17957756737842542
926 DC14 112.61875679228903 31.262623206460102 11.594606454721578 0.3267218087138021 18.505813682157363 3.571734912482308 4.467200527326906 2.4239936717884545 40909701.60283446 18356844.365631297 -2.634668837955772 0.23209653189913998
927 DC14 159.67383496450643 51.763955128388396 12.097821835718857 0.42492509938782946 17.341462268913236 4.668380949492889 7.64888682629929 5.0873296905034255 28306210.199953523 17444111.522408627 -2.4371771537891727 0.3855070406809603
929 DC14 121.28415670254843 3.1995254103156134 11.561602320277807 0.0343536953383875 23.176081813291226 1.7807938110344812 2.8352451295175873 0.3722351805459464 127006124.93001933 21410593.102611396 -2.4730187424776284 0.33041570144735355
931 DC14 37.821684522892255 1.0703537682419324 10.296915116710617 0.03687674320938421 24.274426583039578 0.9454894648219121 2.9503285183170993 1.134672726838407 38876677.91035588 8621764.715661755 -1.3228137518511813 0.07400672515083759
933 DC14 159.2690785285356 44.67998452553774 11.955280319389878 0.3503834786597515 6.707698332410089 1.5378658740030848 13.886972563746355 5.80931935611559 5861716.708112175 5648676.8606134895 -2.6583272683665635 0.26754458349126803
934 DC14 81.21057513970544 3.9701901735727443 11.038971898079863 0.0640858758204159 14.249867611775608 2.456476583707354 4.395177860531002 2.0556111930540664 42344641.49846056 21430437.27227371 -1.4602835762154138 0.11247112999851298
937 DC14 92.18462393847133 3.5125784636972073 11.312178952121515 0.049726207739614996 9.808855673047946 2.077967387920888 13.44836760631524 9.169897790240748 8689149.660889406 6027371.288674365 -1.3096722322046224 0.08175713996281864
939 DC14 292.01673119282634 6.3687332916130766 12.652465938263596 0.028814924157176354 9.114324343925986 0.16020777670885505 14.679995535221034 0.500519672731991 19391252.993372634 703324.7337555159 -2.8095976272174967 0.040279481630960234
941 DC14 88.91504068495102 56.988642678195156 11.285558567534402 0.588656430827885 11.471883708999329 6.447183094933577 6.56080802010884 8.023329147151943 13313779.464835308 26144450.94415056 -2.1610227751063897 0.40501591830283373
945 DC14 75.39454695179685 30.858595503149516 11.092284288871747 0.4739202648147308 7.518545436283491 1.740805365481418 8.032814926676995 4.201175012161674 4452393.481355358 3120219.7169118864 -2.509497910606294 0.34053452677317425
947 DC14 66.94563631309691 4.785544272401439 10.828287133173982 0.09120193206644767 14.460864474263433 5.4826520523075475 8.784256529274018 6.3625756340974835 23172141.771889515 22860144.37443149 -1.229472542261116 0.04053642697142211
948 DC14 117.38804596298964 11.185464646735443 11.626661061656081 0.11715265642723088 15.8280701224861 5.699203992153549 7.029238468429818 7.578214157041089 32945974.94063367 32253152.766094945 -1.5204638505094104 0.16436712762069583
952 DC14 106.66182934753434 18.038002169533783 11.435294597179901 0.19911546321358364 22.36171584738822 2.3965625270274686 2.750239070728809 0.9300665014803299 98954516.40813474 24138082.17446598 -2.732791962910203 0.21745598152873905
956 DC14 92.02538560773719 5.649930035503995 11.142192322434992 0.07986294605283094 20.900953004640947 3.1656496525561737 2.109358491872147 0.5866218959785745 131837764.88587242 42784321.55056117 -2.369885814107568 0.3603718780759221
958 DC14 71.2178488059886 24.34719209652359 11.111065887426115 0.4596718824947427 10.634258098415437 2.8789712480392726 6.200969489555102 3.80099744544527 6597994.263886447 5152472.58632169 -2.6217119500413864 0.2771611408207303
961 DC14 85.9281874656825 13.96420572134692 11.366099466527617 0.20344294958890352 15.41185026195766 1.4905313112605385 5.270389816625528 1.353647796599153 15745945.106152188 3382329.8973658746 -2.790829925788798 0.1546199544530081
963 DC14 123.53452940717258 47.907536601550525 11.760126384118962 0.6975990299201117 5.530645745213333 4.377918835081064 19.636332899918372 6.025420300639817 1934275.3272629306 7294616.695468009 -2.332716474594138 0.619948168341728
968 DC14 192.80624029124252 39.4102599435966 12.167710913840505 0.26992996604479647 13.081149976782353 2.220735212535678 7.699605667444806 2.772052438573517 33829322.65581745 14852177.414960096 -2.77989484369066 0.18279806125528542
975 DC14 120.37791078261125 11.486662194380681 11.547310329457382 0.1193638507491098 18.648693833540833 5.272174640821881 5.581458264179067 7.1614022267110435 75600169.5760324 50870528.65518008 -1.4157443964186227 0.19452042032434272
977 DC14 149.66970121207513 41.61583338904067 12.012767192322029 0.35369315923884964 16.97900337027405 3.6368004311715274 6.922566247732183 4.232870671216546 28178682.180108394 14543358.17911225 -2.729648245809211 0.2530536345441579
978 DC14 53.39579197899342 5.802018744168065 10.525731033509144 0.13957175986819245 18.929048608341326 4.634861838270906 1.8417448248936026 2.2347944225003546 70679803.7040697 36399856.80412101 -1.8069279860117176 0.48100536512269637
982 DC14 169.58712522940564 13.475755625095376 11.998256815975868 0.10182878545615216 7.908370971925336 0.4015247482513366 11.158740058993553 1.3705904857986966 10889595.84974945 1074923.6598739221 -2.8195969773434317 0.09629129415869883
983 DC14 88.54189019851894 6.502556659943909 11.301577465349714 0.09513205728170225 19.41422572887945 0.99474043421737 3.3288199846673105 0.39687835679308303 46936472.80021723 5195654.695833938 -2.923046122385488 0.07209650772501723
987 DC14 140.6321080951231 48.31600144309439 11.884909211043166 0.45660683147526676 14.923591899055133 4.65526496660316 7.1403624395038925 5.115324932590282 25561435.120661434 19281084.197003376 -2.5975361054049633 0.33684330102061416
995 DC14 121.36897669618926 18.307895474530056 11.57911050794673 0.17757700034813517 19.120571889155862 2.7007360868537926 3.5272172459829116 1.3014009165545537 75190487.26498732 24239331.439137034 -2.6039712220445503 0.2629203176339491
1000 DC14 51.37937192613629 2.3880695622871393 10.352543631634287 0.05997811627822875 19.801959056106554 3.7555154661359733 3.6368863811590177 1.6505401937976907 87920654.48319715 42714444.6836998 -1.2366865385323453 0.04571381189444624
1002 DC14 175.4311779309776 46.52290810952993 12.072474606767047 0.3199848267938107 8.099355720521055 0.885015676618602 13.213272001087846 4.069741336708425 8756256.922228128 2767789.5116449073 -2.1800070991280687 0.23741454280625204
1005 DC14 36.50106499838395 25.22237093627405 10.070181751686725 0.6561056067223573 9.978972967825133 5.915870052773229 3.4387291904731527 2.8483574731721935 11865694.257899497 30715189.073012497 -1.9497005600237782 0.4872444140449931
1007 DC14 25.06889241239557 12.714890191058227 9.636559915756624 0.47734595706364563 13.335779669316608 5.665337619082563 1.5113816452400348 1.9933566717029503 19607419.141889498 23167139.17440338 -2.2160506384474177 0.504051781104603
1008 DC14 67.49774645072637 24.513038750442238 11.006302593758853 0.4543426985256761 12.849914237448248 3.8265261475315087 4.503179606727531 3.581900197195106 12369413.901209816 9903145.888543151 -2.6577146762925343 0.30744797060155066
1013 DC14 90.61306427036911 35.57206783257283 11.359864474895904 0.4706027935034336 14.591015373588274 5.507507910609329 5.360572291825762 4.968295583949299 18717140.76355257 18264556.792316217 -2.511782085999602 0.3996256268032343
1022 DC14 82.96475610819054 48.91716582773657 11.174215662690695 0.6107267875446959 10.794858257290048 5.517340283765414 7.24741827191986 5.623161607397494 12648288.561061775 26119096.911384895 -2.026027031403365 0.4754506857940433
1029 DC14 166.22382959375506 52.58091531604591 11.988753015698304 0.3948900168886705 10.768103178964955 2.2875971127319867 9.092615900298926 3.9995315478746853 18707291.650581732 10480611.029178157 -2.3367978927389514 0.3339442181752907
1031 DC14 154.2745451000923 31.96975245316385 11.834503137260748 0.2691494288421476 11.821302190607616 2.270984891107018 6.30191269614758 2.452119784929281 31798634.65770585 15413667.748822512 -2.71884249499953 0.18723029868703914
1035 DC14 66.89249213864794 11.859781270392975 10.91095984521406 0.18949118729127787 19.05567431172512 5.046358092541595 2.9912190010462476 3.6924222591152227 46025250.47320532 25590479.947655585 -1.7583245051827008 0.4739238861958876
1037 DC14 88.31645997333982 18.896300059314456 11.278780708367094 0.256591079647116 14.779213160115942 2.3107377659800092 4.255811817460787 1.7192167335779827 24288129.870609004 9194892.5945073 -2.731098137357285 0.18496256270985334
1040 DC14 92.9510897574686 46.2748180164562 11.345419207606051 0.6563792940932113 9.33494820637359 4.478479078833065 7.61823807701644 5.898796992946987 8126179.640499147 15957201.581818549 -2.5490415597354055 0.40352651264923045
1041 DC14 168.33603024390382 33.489482392317726 11.901550921713262 0.2674458608411319 12.440176994992044 2.2759153079402115 5.852599394858541 1.9408350741578275 44064521.38033063 21859725.260340862 -2.675635849695775 0.20353698996714337
1046 DC14 73.26669242018417 42.06528062259966 10.907011299258906 0.5010876680112359 14.303071967402893 5.39960898370284 2.9844123005989336 4.846816296884188 40103640.57017144 36590068.28757784 -2.3123558572474763 0.40259955919174334
1047 DC14 144.45415199096502 55.1598975895017 11.830074915465321 0.4810049580146684 12.577387811400376 4.5364534246480455 7.038464268742308 5.994767845200093 24297824.023335677 24588851.10623998 -2.5622064197005736 0.3078393502493284
1053 DC14 74.18644673094227 4.451580772492611 10.941857120571676 0.07694665387279276 20.676446192020798 3.6287214583685956 3.7916213362085784 3.037737471206203 77800439.9849869 38244151.89914784 -1.3500555921919637 0.16518941475955323
1060 DC14 95.4024455129091 37.14481402728762 11.393122973343052 0.5247937947182939 16.20520515222637 4.8856845204129264 4.521189143507273 3.6945553708508934 28758122.919163626 20215955.65009495 -2.51080851331868 0.3968267596929929
1064 DC14 154.659723577877 51.97132245495758 11.791076423792777 0.3846299391117782 9.569491834082214 2.472675708161112 7.453792808560214 5.03350550995057 23269844.79935316 15097726.888049752 -2.4259721586771357 0.2952046342130323
1065 DC14 63.85092510442635 22.4795067660414 10.903999756289174 0.4614851472446023 17.07372233060746 4.965736127574756 3.061288506376448 2.613683204986166 27934148.580914546 18334741.70654879 -2.5962618481971464 0.399357476638169
1068 DC14 78.2737063706552 27.02006019678176 11.168968263775511 0.44361908342389067 14.787090261251892 5.284896505682742 4.417515980172324 3.528740094156706 19478602.236059934 18628684.01665158 -2.3382379047710398 0.42860002225433025
1076 DC14 77.21214364897676 11.856582139157931 10.972687414217555 0.1908420275066785 15.940858695046153 4.620719403722749 2.8013848371896324 2.6448100531519954 52060462.09993337 37201206.9428777 -2.1657364672866213 0.47793553097948793
1081 DC14 105.51018125953962 43.60371982387881 11.545381216698162 0.5091490350077407 15.138850827743042 5.143913791933042 5.8521315617960745 5.166777637294247 22730663.365696263 18683587.461837582 -2.488967894667429 0.3961783726562586
1082 DC14 123.90206092332055 35.007029734434035 11.548563747478974 0.4040147810754671 6.042616897007843 1.5770519737340574 10.201189586315124 3.9291537510564023 6617922.760877077 6749533.027183865 -2.569312417589609 0.2785702828729725
1086 DC14 48.79131475130784 22.02752651103277 10.504834452085008 0.5603127017168588 12.788327882231092 4.991309818542171 2.9291885871226278 2.611382578733609 17322768.160293087 19382662.462140396 -2.5081648421499656 0.4053361765212302
1089 DC14 150.27271368341303 43.33058924359183 11.858514232896628 0.3832728339210937 9.825085769975615 2.486399349154786 8.715281833025063 3.7898865423341968 15287634.776784733 11723397.1096404 -2.475785722768039 0.2974948417353532
1091 DC14 60.143494076370544 26.510287460279393 10.588761110686116 0.41951289077217935 14.997803758505139 5.430833069837715 2.2377863611816813 2.484347778768452 58899352.26271062 56858470.23947237 -2.140541706946155 0.49953215877716833
1097 DC14 88.46445940472846 54.68370003452007 11.151056425073227 0.5320395667819504 14.624842361620704 5.484095577097227 3.582943340484186 5.377389052972351 42766313.055521324 40478791.78045226 -2.2464472844904257 0.45265763437164847
1101 DC14 115.39899606336564 41.727587970295076 11.42765206211729 0.3533762194757493 18.50640975010675 4.324008647658978 2.902811442047084 2.8452128329739423 100687533.12645799 49931087.756970696 -2.5021858715912053 0.2765920575702458
1119 DC14 50.99515342682629 23.4166535089005 10.500663111569779 0.6241327032224088 9.712998653935404 4.089103485518887 3.3238635535959187 2.565389553533448 12144678.648895446 17873244.150962945 -2.622551026450955 0.3118660252262871
1127 DC14 90.2933179110823 10.670891808636659 11.08689527442925 0.15092319148830527 20.532325507272162 3.0068656502901927 1.945564256296949 0.753298700821584 143702409.4324527 45807330.82443343 -2.4249353240948093 0.3595331131528837
1129 DC14 51.65697373848578 23.75745130396357 10.449884840904048 0.4743251758679003 9.055512996303985 4.409781267444492 3.418479399339712 2.858591935746433 13607847.248883735 28345683.408787113 -2.3219565962483086 0.44661311826972155
1130 DC14 105.43483643428783 20.205500881035796 11.487952660482847 0.24165077633875207 18.202848712318918 3.253461811056816 3.8725565933263097 1.5102884620152215 45017159.27691832 19772028.324016597 -2.788938682694457 0.18945573881418148
1131 DC14 89.02874899400581 16.83602262311851 11.303433203091181 0.2408643867300794 11.464842929519222 1.5075216427373328 5.691195776733496 1.8724369375874756 12824972.136930812 3869880.495376403 -2.752843056356267 0.1599319900706454
1137 DC14 82.55595297882537 3.7088010842372676 11.060435286711956 0.05802827911090062 23.259717293001533 1.9094689369466051 2.067591093395984 0.28621541449757076 138441801.01218593 24083585.572454266 -1.8874543803534207 0.07908888200956532
1153 DC14 93.94303698263461 6.302661989283341 11.229147740157236 0.08488046720086354 19.324078287714805 4.644875548245316 3.8505192198676346 4.391005081476165 85549377.7437967 48355316.9069944 -1.453201678899388 0.17252312701328035
1160 DC14 64.80107760073074 21.660188960563474 10.954774466256795 0.4257256059790639 13.525288487965103 3.6753449551959583 4.145121976442483 2.7734105087552443 13910434.13094821 9816673.201551612 -2.682757686037349 0.2754680727811625
1165 DC14 54.64574457828373 25.290555922793274 10.653030871827466 0.5655395453351726 11.504826822496257 4.616009396183659 3.649285782228674 3.0721031324481682 13134320.130993681 17748777.513381615 -2.5393916563371177 0.3950484134637829
1191 DC14 79.13413147836954 60.594156009957466 11.02792136260803 0.628474861319348 12.503501857482405 5.435745657194447 4.264468150478347 6.541220114472001 26381831.58776339 33948006.00816858 -2.2831625020290884 0.46568451297782265
1198 DC14 27.709213529321083 9.927668261675281 9.877895871280973 0.4209688371549908 13.977967617395684 5.086585651696523 1.9199405534357559 1.2732634978249442 12560415.384208456 12592423.877493417 -2.5731630908678538 0.29430320609520105
1201 DC14 52.32084022300011 23.571699901610632 10.535381861867279 0.5361938173976539 9.195371441040468 3.6283673113117905 3.723497978172393 2.8352367752038394 10698717.530138925 15175676.90006968 -2.547313705392434 0.36356499996991226
1203 DC14 102.0291105702675 43.92573717359169 11.443707042437598 0.5147214641313175 14.960521837040675 5.312647921648548 5.011338559542612 5.19201089099625 27641483.67409809 25135879.010285694 -2.5031158133713443 0.43788767476867485
1214 DC14 100.46185355131081 48.348002586257024 11.228873350003637 0.6720482461851675 14.602336009476264 5.049775897476168 3.099209035950005 3.185677203528471 64033084.132711545 58173698.424619086 -2.378254610975219 0.41999052316480834
1232 DC14 67.2203322891281 32.319897215643984 10.793363921587181 0.5350770343933586 10.246666048828267 5.095448597533762 3.748774295068947 3.5033123099815344 18317853.374773942 34578806.81234618 -2.4549626554154664 0.41818482506852683
1258 DC14 151.09304645444354 42.377566250304454 11.763255390993592 0.3601772329257132 7.772409993064214 1.6484804776688848 8.466221895122365 3.7171583237718844 14826091.2673055 8422941.956052829 -2.742953998200342 0.21929158647714223
1266 DC14 68.08997203682384 10.334497015009388 10.752704084269663 0.1920866903544134 12.408981131032416 4.085226305900922 2.943402688611921 2.458925080747772 37480538.76468322 34053115.40404931 -1.9665002266920357 0.5187990948523289
1284 DC14 97.74716988321936 41.252549057883044 11.319110445083615 0.5010799327285961 15.049082696278933 5.2122316779238504 4.310173993700294 4.0390285047841 38964927.87504777 33426239.61602641 -2.487142664844172 0.42565637246135213
1318 DC14 77.99750239580787 28.34247477702199 11.033330814911231 0.3953576700530395 15.629083105220062 5.16432601327433 3.054012079866367 3.1763403233564573 41270846.44648902 32353274.631046712 -2.4142395033707063 0.3786495782677978
1330 DC14 51.34261489458198 27.51832541097967 10.38486255865141 0.5460787338530835 10.739306797313027 5.1862393088982195 2.4752088006083657 2.5758542892582876 27077140.17254525 48036336.409426376 -2.3513329398416145 0.4695589434884393
1337 DC14 91.04216532453505 37.76051438266961 11.204771796622548 0.49383076790611147 13.153507749844817 4.621562464161566 4.063754463071065 3.6046580282666643 30548557.18724648 30961696.59162914 -2.5418002738098355 0.364457994229617
1346 DC14 117.33603125322998 50.62320638620699 11.649178605480019 0.5616553077541186 11.966450762950021 4.809551182139864 7.652395298132976 6.287494527469736 14500523.467355758 18048273.26397766 -2.5249700159678574 0.40163057323647455
1357 DC14 60.730277653731775 9.885399835541165 10.887513798112822 0.20302766705084993 18.93688173598043 2.495526744021897 2.8377897032839217 0.8664894179817714 28890229.021075733 8898119.2053127 -2.81122423181982 0.15994599862511696
1371 DC14 106.89587423086071 53.57368333641058 11.317485033036249 0.45762591885955367 13.581546518722622 5.6606214013701805 4.808561537452406 4.587617318802397 53508221.754733965 66584124.70598157 -1.7539781016900704 0.37657510132632493
1390 DC14 67.01580529991294 10.35958155733717 10.722962800862769 0.1815529187114466 16.740335184633025 5.086477641263058 2.1008553170834636 2.902810900379036 80687999.20724376 59708981.19875825 -2.050671214754324 0.5190858319036761
1418 DC14 39.7591088468787 21.533859327886702 10.282934109386996 0.6315495222945157 13.962233719914611 5.463893353474551 2.499327679566698 2.634617493289239 17155832.252802532 18406501.09893008 -2.40816495352715 0.4548460765309318
1462 DC14 38.32517121268026 19.782559622166854 10.274808091728989 0.578877199445399 14.364760127752643 5.289336751610751 2.5430629612760844 2.5852052673024284 14684218.494934084 14791529.18425272 -2.3994536918503044 0.41543376173448066
6314 DC14 186.39931536753704 40.38849075722869 12.105403222464064 0.2958670040496803 6.114111256646369 0.9133150323047181 15.608857695985431 4.725376487698279 6226141.128212838 2700521.565456851 -2.720310995645049 0.21520311677051396
6877 DC14 104.88389939321452 5.831322649527385 11.48023439683104 0.07056749258767812 19.72600512987055 3.091471639732246 3.6874483789550654 1.892029124355956 52841109.772669874 15019362.747377561 -2.451080683305678 0.349257253608378
6879 DC14 153.62965280880456 52.36821312832188 11.782170084789414 0.4001984014633068 7.547517516038392 2.00763352537386 9.276223546617352 5.067412579628313 13682841.089457018 11025443.3828793 -2.487990202796876 0.326547137651951
6881 DC14 108.34234193860314 38.97050931858016 11.403249757338502 0.47053015168102724 15.347263923669615 4.457487269219435 3.8618013180857718 3.2909614206651265 51173496.13871278 34334650.9819019 -2.630723250983991 0.3733498415462985
6927 DC14 66.45581921301077 41.01957302799626 10.692945572396699 0.5195812911104724 13.806934467209498 5.715695622001492 2.551588448988203 3.6855105248001414 56793846.699244164 63358349.999636665 -2.18635654174897 0.49856190254639626
6943 DC14 80.750764120085 15.824545880746417 10.99743551955686 0.24250405114255244 16.194685077208568 3.078816476276458 2.473201891382686 0.9974819075615916 64263372.778968394 31194498.73901395 -2.683413694715949 0.24611613879287766
6949 DC14 60.95882966725053 29.431935753888332 10.71994287660154 0.647793570595916 11.646502825584673 4.645518305702299 3.1913943506703495 2.8620042117207682 20106407.58732524 24584858.68942025 -2.532303405225588 0.36587334293436186
6953 DC14 83.33787725845212 35.81870703127081 11.08917190118437 0.5237400201665058 15.108932477103373 4.962496884329938 3.2859002317219197 3.4423086475214926 42702674.89372788 36651067.2370163 -2.2661682318229834 0.4250195163031902
6987 DC14 33.49676559801414 3.1739894165897535 9.962383588622213 0.12251529443704519 21.52707583463182 3.6678271097245485 1.1406622148851266 1.162000141469223 77710942.10571504 28083042.652267467 -1.7926495007428949 0.5052386800718117
7055 DC14 45.64433493415872 36.24397136908835 10.252677794386468 0.7272818299538072 11.595990545056942 5.540151075794926 2.5267743645976557 2.4687701258189083 26175540.002491646 42780243.84257575 -2.079735456658013 0.3160695481898971
7382 DC14 73.83537947038064 25.556918372063635 10.915515472405652 0.374299806131059 15.787510722434503 4.84579774481553 2.607851840314634 2.515103872592144 50357079.83544667 37861246.811125115 -2.4273978314353055 0.36349351823991927
