Im |CVn I dwA| |                    UGCA 292                                         | 3.6|1    |-12.4|0.87|0.57 0.12|0.01|-2.58 0.01|-2.48 0.01| |7.3 0.06|24
Im |DDO 43   | |PGC 21073 UGC  3860                                                  | 7.8|2    |-15.1|0.89|0.41 0.03|0.05|-1.78 0.01|-1.55 0.01| |8.3 0.09|25
Im |DDO 46   | |PGC 21585 UGC  3966                                                  | 6.1|     |-14.7|    |1.14 0.06|0.05|-2.89 0.01|-2.46 0.01| |8.1 0.1 |25
Im |DDO 47   | |PGC 21600 UGC  3974                                                  | 5.2|3    |-15.5|2.24|1.37 0.06|0.02|-2.70 0.01|-2.40 0.01| |7.8 0.2 |26
Im |DDO 50   | |PGC 23324 UGC  4305 Holmberg II    VIIZw 223                         | 3.4|1    |-16.6|3.97|1.10 0.05|0.02|-1.67 0.01|-1.55 0.01| |7.7 0.14|27
Im |DDO 52   | |PGC 23769 UGC  4426                                                  |10.3|4    |-15.4|1.08|1.30 0.13|0.03|-3.20 0.01|-2.43 0.01|*|7.7     |28
Im |DDO 53   | |PGC 24050 UGC  4459 VIIZw 238                                        | 3.6|1    |-13.8|1.37|0.72 0.06|0.03|-2.42 0.01|-2.41 0.01| |7.6 0.11|27
Im |DDO 63   | |PGC 27605 UGC  5139 Holmberg I     Mailyan 044                       | 3.9|1    |-14.8|2.17|0.68 0.01|0.01|-2.32 0.01|-1.95 0.00| |7.6 0.11|27
Im |DDO 69   | |PGC 28868 UGC  5364 Leo A                                            | 0.8|5    |-11.7|2.40|0.19 0.01|0.00|-2.83 0.01|-2.22 0.01| |7.4 0.10|29
Im |DDO 70   | |PGC 28913 UGC  5373 Sextans B                                        | 1.3|6    |-14.1|3.71|0.48 0.01|0.01|-2.85 0.01|-2.16 0.00| |7.5 0.06|30
Im |DDO 75   | |PGC 29653           UGCA  205      Sextans A                         | 1.3|7    |-13.9|3.09|0.22 0.01|0.02|-1.28 0.01|-1.07 0.01| |7.5 0.06|30
Im |DDO 87   | |PGC 32405 UGC  5918 VIIZw 347                                        | 7.7|     |-15.0|1.15|1.31 0.12|0.00|-1.36 0.01|-1.00 0.01| |7.8 0.04|31
Im |DDO 101  | |PGC 37449 UGC  6900                                                  | 6.4|     |-15.0|1.05|0.94 0.03|0.01|-2.85 0.01|-2.81 0.01| |8.7 0.03|25
Im |DDO 126  | |PGC 40791 UGC  7559                                                  | 4.9|8    |-14.9|1.76|0.87 0.03|0.00|-2.37 0.01|-2.10 0.01|*|7.8     |28
Im |DDO 133  | |PGC 41636 UGC  7698                                                  | 3.5|     |-14.8|2.33|1.24 0.09|0.00|-2.88 0.01|-2.62 0.01| |8.2 0.09|25
Im |DDO 154  | |PGC 43869 UGC  8024 NGC 4789A                                        | 3.7|     |-14.2|1.55|0.59 0.03|0.01|-2.50 0.01|-1.93 0.01| |7.5 0.09|27
Im |DDO 155  | |PGC 44491 UGC  8091 GR 8           LSBC D646-07                      | 2.2|9    |-12.5|0.95|0.15 0.01|0.01|-1.44 0.01|          | |7.7 0.06|29
Im |DDO 165  | |PGC 45372 UGC  8201 VII Zw 499     Mailyan 82                        | 4.6|10   |-15.6|2.14|2.26 0.08|0.01|-3.67 0.01|          | |7.6 0.08|27
Im |DDO 167  | |PGC 45939 UGC  8308                                                  | 4.2|8    |-13.0|0.75|0.33 0.05|0.00|-2.36 0.01|-1.83 0.01| |7.7 0.2 |26
Im |DDO 168  | |PGC 46039 UGC  8320                                                  | 4.3|8    |-15.7|2.32|0.82 0.01|0.00|-2.27 0.01|-2.04 0.01| |8.3 0.07|25
Im |DDO 187  | |PGC 50961 UGC  9128                                                  | 2.2|1    |-12.7|1.06|0.18 0.01|0.00|-2.52 0.01|-1.98 0.01| |7.7 0.09|32
Im |DDO 210  | |PGC 65367           Aquarius Dwarf                                   | 0.9|10   |-10.9|1.31|0.17 0.01|0.03|          |-2.71 0.06|*|7.2     |28
Im |DDO 216  | |PGC 71538 UGC 12613 Peg DIG        Pegasus Dwarf                     | 1.1|11   |-13.7|4.00|0.54 0.01|0.02|-4.10 0.07|-3.21 0.01| |7.9 0.15|33
Im |F564-V3  | |                    LSBC D564-08                                     | 8.7|4    |-14.0|    |0.53 0.03|0.02|          |-2.79 0.02|*|7.6     |28
Im |IC 10    | |PGC  1305 UGC   192                                                  | 0.7|12   |-16.3|    |0.40 0.01|0.75|-1.11 0.01|          | |8.2 0.12|34
Im |IC 1613  | |PGC  3844 UGC   668 DDO 8                                            | 0.7|13   |-14.6|9.10|0.58 0.02|0.00|-2.56 0.01|-1.99 0.01| |7.6 0.05|35
Im |LGS 3    | |PGC  3792           Pisces dwarf                                     | 0.7|14   | -9.7|0.96|0.23 0.02|0.04|          |-3.88 0.06|*|7.0     |28
Im |M81dwA   | |PGC 23521                                                            | 3.5|15   |-11.7|    |0.26 0.00|0.02|          |-2.26 0.01|*|7.3     |28
Im |NGC 1569 | |PGC 15345 UGC  3056 Arp 210        VIIZw 16                          | 3.4|16   |-18.2|    |0.38 0.02|0.51| 0.19 0.01|-0.01 0.01| |8.2 0.05|36
Im |NGC 2366 | |PGC 21102 UGC  3851 DDO 42                                           | 3.4|17   |-16.8|4.72|1.36 0.04|0.04|-1.67 0.01|-1.66 0.01| |7.9 0.01|37
Im |NGC 3738 | |PGC 35856 UGC  6565 Arp 234                                          | 4.9|3    |-17.1|2.40|0.78 0.01|0.00|-1.66 0.01|-1.53 0.01| |8.4 0.01|25
Im |NGC 4163 | |PGC 38881 UGC  7199 NGC 4167                                         | 2.9|1    |-14.4|1.47|0.27 0.03|0.00|-2.28 0.13|-1.74 0.01| |7.9 0.2 |38
Im |NGC 4214 | |PGC 39225 UGC  7278                                                  | 3.0|1    |-17.6|4.67|0.75 0.01|0.00|-1.03 0.01|-1.08 0.01| |8.2 0.06|39
Im |NGC 6822 |a|PGC 63616           IC 4895        DDO 209       Barnard's Galaxy    | 0.5|18   |-15.2|    |0.57 0.03|0.22|-2.06 0.01|-1.82 0.01| |8.1 0.22|27
Im |SagDIG   | |PGC 63287           Lowal's Object                                   | 1.1|19   |-12.5|    |0.23 0.03|0.14|-2.97 0.04|-2.11 0.01| |7.3 0.1 |35
Im |UGC 8508 | |PGC 47495           IZw 60                                           | 2.6|1    |-13.6|1.28|0.27 0.01|0.00|-2.03 0.01|          | |7.9 0.2 |38
Im |WLM      | |PGC   143           UGCA 444       DDO 221       Wolf-Lundmark-Melott| 1.0|20   |-14.4|5.81|0.57 0.03|0.02|-2.77 0.01|-2.05 0.01| |7.8 0.06|40
BCD|Haro 29  | |PGC 40665           UGCA 281       Mrk 209       I Zw 36             | 5.8|21   |-14.6|0.84|0.29 0.01|0.00|-0.77 0.01|-1.07 0.01| |7.9 0.07|41
BCD|Haro 36  | |PGC 43124 UGC  7950                                                  | 9.3|     |-15.9|    |0.69 0.01|0.00|-1.86 0.01|-1.55 0.01| |8.4 0.08|25
BCD|Mrk 178  | |PGC 35684 UGC  6541                                                  | 3.9|8    |-14.1|1.01|0.33 0.01|0.00|-1.60 0.01|-1.66 0.01| |7.7 0.02|42
BCD|VIIZw 403| |PGC 35286 UGC  6456                                                  | 4.4|22,23|-14.3|1.11|0.52 0.02|0.02|-1.71 0.01|-1.67 0.01| |7.7 0.01|25
