Object:	 WALLABY J165901-601241
Date: 	2022-5-2
SBID: 	12193,12209
SRCTR: 	Norma TR1
SRCVER: 	SoFiA 2.3.1 (16-Feb-2021)
KINTR: 	Norma Kin TR1
KINVER: 	WKAPP v1
Flag: 	0

Geometry Parameters
Param Name	 Value 	 Error 
X_model (pixels) 	102.021		0.5085
Y_model (pixels) 	80.978		1.1525
RA_model (degrees) 	254.759482		0.00181
DEC_model (degrees) 	-60.213872		0.001898
Inc_model (degrees) 	42.1		8.6
PA_model (degrees) 	250.0		2.5
PA_model_g (degrees) 	248.5		2.5
VSys_model (km/s) 	1140.9		0.3

Rotation Curve
nR=	35
Rad 		 VROT_model 	 e_VRot_model 	 e_VROT_model_inc 
('') 		 (km/s) 		    (km/s) 	 (km/s)
7.5		50.8		23.0		8.8
22.56		84.6		16.2		14.7
37.61		102.3		11.8		17.7
52.67		113.3		11.9		19.7
67.73		120.3		14.0		20.9
82.78		119.7		10.2		20.8
97.84		118.2		3.9		20.5
112.9		120.5		0.0		20.9
127.95		126.0		2.1		21.9
143.01		133.3		2.0		23.1
158.07		140.3		0.7		24.3
173.12		145.3		0.1		25.2
188.18		149.0		1.4		25.8
203.24		150.9		2.4		26.2
218.29		150.1		2.1		26.0
233.35		147.8		2.0		25.6
248.41		145.2		3.2		25.2
263.46		143.4		4.7		24.9
278.52		142.9		5.7		24.8
293.58		143.4		5.9		24.9
308.63		144.6		5.0		25.1
323.69		146.5		3.0		25.4
338.75		149.2		0.2		25.9
353.8		151.4		3.4		26.3
368.86		149.1		9.2		25.9
383.92		152.0		8.2		26.4
398.97		153.1		7.1		26.6
414.03		153.9		5.7		26.7
429.09		155.0		4.2		26.9
444.14		157.1		1.7		27.3
459.2		157.7		0.9		27.4
474.26		160.9		2.3		27.9
489.31		162.2		3.5		28.1
504.37		162.3		3.4		28.2
519.43		171.3		11.9		29.7

Surface Density Profile
nR=	35
Rad  		 SD_model 		 e_SD_model 	 SD_FO_model 	 e_SD_FO_inc_model 
('')		 (Msol/pc^2) 	 (Msol/pc^2) 	 (Msol/pc^2) 	 (Msol/pc^2) 	 
7.5		4.95		0.57		3.673		0.495
22.56		5.51		0.5		4.089		0.551
37.61		5.92		0.48		4.388		0.592
52.67		6.71		0.53		4.975		0.671
67.73		7.68		0.63		5.698		0.768
82.78		8.22		0.49		6.098		0.822
97.84		8.42		0.54		6.243		0.842
112.9		8.61		0.81		6.384		0.861
127.95		8.84		1.01		6.558		0.884
143.01		9.01		0.99		6.68		0.901
158.07		8.85		0.88		6.561		0.885
173.12		8.92		0.77		6.616		0.892
188.18		8.11		0.62		6.017		0.811
203.24		6.43		0.51		4.771		0.643
218.29		4.84		0.45		3.593		0.484
233.35		3.93		0.38		2.915		0.393
248.41		3.51		0.36		2.605		0.351
263.46		3.34		0.31		2.48		0.334
278.52		3.11		0.28		2.31		0.311
293.58		2.99		0.28		2.215		0.299
308.63		2.69		0.27		1.994		0.269
323.69		2.24		0.26		1.662		0.224
338.75		1.67		0.2		1.236		0.167
353.8		1.28		0.14		0.95		0.128
368.86		1.06		0.12		0.789		0.106
383.92		0.85		0.12		0.634		0.085
398.97		0.67		0.12		0.494		0.067
414.03		0.52		0.1		0.383		0.052
429.09		0.42		0.09		0.314		0.042
444.14		0.38		0.09		0.281		0.038
459.2		0.35		0.09		0.26		0.035
474.26		0.33		0.09		0.245		0.033
489.31		0.27		0.07		0.199		0.027
504.37		0.22		0.06		0.16		0.022
519.43		0.18		0.05		0.136		0.018
