Object:	 WALLABY J125548+041805
Date: 	2023-9-13
SBID: 	33681,37604
SRCTR: 	NGC 4808 High-Res TR1
SRCVER: 	SoFiA 2.3.1
KINTR: 	NGC 4808 High-Res Kin TR1
KINVER: 	WKAPP v1
Flag: 	0

Geometry Parameters
Param Name	 Value 	 Error 
X_model (pixels) 	123.056		1.6511
Y_model (pixels) 	170.565		1.2314
RA_model (degrees) 	193.954276		0.00092
DEC_model (degrees) 	4.305036		0.000684
Inc_model (degrees) 	73.2		3.2
PA_model (degrees) 	310.6		2.5
PA_model_g (degrees) 	310.6		2.5
VSys_model (km/s) 	758.2		2.0

Rotation Curve
nR=	40
Rad 		 VROT_model 	 e_VRot_model 	 e_VROT_model_inc 
('') 		 (km/s) 		    (km/s) 	 (km/s)
2.5		47.8		16.3		0.8
8.51		63.5		19.9		1.1
14.51		83.3		9.7		1.4
20.52		93.0		5.6		1.6
26.53		102.9		2.9		1.8
32.54		108.1		4.6		1.8
38.54		114.7		2.9		2.0
44.55		117.1		3.4		2.0
50.56		123.4		1.9		2.1
56.56		124.3		2.8		2.1
62.57		122.0		0.5		2.1
68.58		125.5		4.0		2.1
74.59		119.0		2.4		2.0
80.59		127.1		5.7		2.2
86.6		125.1		3.7		2.1
92.61		124.7		3.3		2.1
98.62		110.5		10.9		1.9
104.62		124.4		3.0		2.1
110.63		112.7		8.6		1.9
116.64		128.1		6.7		2.2
122.64		125.0		3.4		2.1
128.65		129.7		7.6		2.2
134.66		132.6		10.0		2.3
140.67		130.7		7.3		2.2
146.67		128.8		4.6		2.2
152.68		134.1		8.8		2.3
158.69		131.3		4.7		2.2
164.69		129.4		1.4		2.2
170.7		129.6		0.0		2.2
176.71		129.7		1.7		2.2
182.72		130.3		3.1		2.2
188.72		131.7		3.4		2.2
194.73		130.1		6.5		2.2
200.74		128.0		9.7		2.2
206.74		126.7		11.6		2.2
212.75		123.7		14.8		2.1
218.76		125.7		12.7		2.1
224.77		120.7		17.3		2.1
230.77		125.1		12.0		2.1
236.78		115.0		20.8		2.0

Surface Density Profile
nR=	45
Rad  		 SD_model 		 e_SD_model 	 SD_FO_model 	 e_SD_FO_inc_model 
('')		 (Msol/pc^2) 	 (Msol/pc^2) 	 (Msol/pc^2) 	 (Msol/pc^2) 	 
2.5		27.13		2.9		7.826		1.466
8.51		30.29		4.11		8.737		1.636
14.51		31.71		3.59		9.147		1.713
20.52		31.43		2.69		9.065		1.698
26.53		32.34		2.53		9.328		1.747
32.54		33.28		2.76		9.599		1.798
38.54		34.05		2.38		9.823		1.839
44.55		34.37		2.3		9.913		1.856
50.56		33.96		2.71		9.797		1.835
56.56		32.26		3.12		9.304		1.742
62.57		30.21		2.77		8.715		1.632
68.58		28.2		2.52		8.135		1.523
74.59		25.05		2.59		7.226		1.353
80.59		21.75		3.23		6.274		1.175
86.6		18.87		3.37		5.442		1.019
92.61		15.79		3.46		4.554		0.853
98.62		13.59		3.38		3.92		0.734
104.62		12.22		2.91		3.526		0.66
110.63		11.05		2.73		3.187		0.597
116.64		9.82		2.66		2.831		0.53
122.64		9.18		2.63		2.647		0.496
128.65		9.19		2.47		2.651		0.496
134.66		8.95		2.49		2.581		0.483
140.67		8.69		2.46		2.506		0.469
146.67		8.45		2.37		2.437		0.456
152.68		8.36		2.2		2.41		0.451
158.69		8.16		2.09		2.352		0.441
164.69		7.84		1.92		2.261		0.423
170.7		7.59		1.78		2.19		0.41
176.71		7.19		1.66		2.074		0.388
182.72		7.06		1.51		2.037		0.381
188.72		6.68		1.32		1.927		0.361
194.73		5.93		1.1		1.712		0.321
200.74		5.45		0.97		1.571		0.294
206.74		5.06		0.9		1.46		0.273
212.75		4.95		0.76		1.427		0.267
218.76		4.86		0.65		1.401		0.262
224.77		4.41		0.59		1.271		0.238
230.77		4.05		0.55		1.168		0.219
236.78		3.71		0.54		1.071		0.201
242.79		3.52		0.54		1.015		0.19
248.8		3.26		0.54		0.939		0.176
254.8		3.27		0.53		0.943		0.177
260.81		3.33		0.52		0.96		0.18
266.82		3.34		0.54		0.963		0.18
