# dimensionless total [l(l+1)/2pi] C_l's
# for l=2 to 2600, i.e. number of multipoles equal to 2599
#
# -> if you prefer output in CAMB/HealPix/LensPix units/order, set 'format' to 'camb' in input file
# -> if you don't want to see such a header, set 'headers' to 'no' in input file
#
# 1:l     2:TT                 
    2       1.380103518877e-10 
    3       1.306233832724e-10 
    4       1.236338745369e-10 
    5       1.183911702116e-10 
    6       1.147840323478e-10 
    7       1.124817204022e-10 
    8       1.111249660063e-10 
    9       1.104821825200e-10 
   10       1.103647484387e-10 
   11       1.106529425842e-10 
   12       1.112937584876e-10 
   13       1.121640713242e-10 
   14       1.131868599749e-10 
   15       1.143874471479e-10 
   16       1.157761556461e-10 
   17       1.172189259004e-10 
   18       1.187655010580e-10 
   19       1.204316680834e-10 
   20       1.221466665099e-10 
   21       1.239243889859e-10 
   22       1.257728900295e-10 
   23       1.276818531846e-10 
   24       1.296168377989e-10 
   25       1.315897631990e-10 
   26       1.336125918888e-10 
   27       1.356928088358e-10 
   28       1.378180645458e-10 
   29       1.399619549221e-10 
   30       1.421316109014e-10 
   31       1.443354016211e-10 
   32       1.465726052706e-10 
   33       1.488456855274e-10 
   34       1.511501852003e-10 
   35       1.534758073028e-10 
   36       1.558256273004e-10 
   37       1.582019582887e-10 
   38       1.606003054508e-10 
   39       1.630132902795e-10 
   40       1.654458562886e-10 
   41       1.679039932273e-10 
   42       1.703901221729e-10 
   43       1.729042858637e-10 
   44       1.754491027868e-10 
   45       1.780256892581e-10 
   46       1.806319195941e-10 
   47       1.832621303977e-10 
   48       1.859097366311e-10 
   49       1.885766418592e-10 
   50       1.912659725688e-10 
   51       1.939792544490e-10 
   52       1.967162652379e-10 
   53       1.994761329669e-10 
   54       2.022613009691e-10 
   55       2.050743259773e-10 
   56       2.079166291719e-10 
   57       2.107884012459e-10 
   58       2.136885074686e-10 
   59       2.166153581182e-10 
   60       2.195699714419e-10 
   61       2.225534554851e-10 
   62       2.255660443258e-10 
   63       2.286070358631e-10 
   64       2.316747296063e-10 
   65       2.347673795300e-10 
   66       2.378864269247e-10 
   67       2.410338430230e-10 
   68       2.442111411613e-10 
   69       2.474193429621e-10 
   70       2.506589445161e-10 
   71       2.539298825651e-10 
   72       2.572319242617e-10 
   73       2.605659982160e-10 
   74       2.639330590189e-10 
   75       2.673336625659e-10 
   76       2.707679419101e-10 
   77       2.742355831149e-10 
   78       2.777358011075e-10 
   79       2.812673155317e-10 
   80       2.848288812344e-10 
   81       2.884210389451e-10 
   82       2.920446259729e-10 
   83       2.957002349148e-10 
   84       2.993881997804e-10 
   85       3.031085821153e-10 
   86       3.068611571254e-10 
   87       3.106453998010e-10 
   88       3.144604710404e-10 
   89       3.183055493175e-10 
   90       3.221809155534e-10 
   91       3.260870136520e-10 
   92       3.300241115292e-10 
   93       3.339922924135e-10 
   94       3.379914461467e-10 
   95       3.420212604846e-10 
   96       3.460812123977e-10 
   97       3.501705593720e-10 
   98       3.542883307095e-10 
   99       3.584335725012e-10 
  100       3.626061409413e-10 
  101       3.668060057411e-10 
  102       3.710330009282e-10 
  103       3.752868192216e-10 
  104       3.795670064079e-10 
  105       3.838729557160e-10 
  106       3.882039021931e-10 
  107       3.925589170804e-10 
  108       3.969369021879e-10 
  109       4.013365842706e-10 
  110       4.057567369143e-10 
  111       4.101968905350e-10 
  112       4.146567031409e-10 
  113       4.191357375948e-10 
  114       4.236334582252e-10 
  115       4.281492274384e-10 
  116       4.326823023293e-10 
  117       4.372318312935e-10 
  118       4.417968506384e-10 
  119       4.463762811946e-10 
  120       4.509689249278e-10 
  121       4.555734615502e-10 
  122       4.601884451315e-10 
  123       4.648124734587e-10 
  124       4.694447253618e-10 
  125       4.740844790184e-10 
  126       4.787309427265e-10 
  127       4.833832528749e-10 
  128       4.880404719144e-10 
  129       4.927015863277e-10 
  130       4.973655046006e-10 
  131       5.020310551924e-10 
  132       5.066969845065e-10 
  133       5.113619548614e-10 
  134       5.160245424606e-10 
  135       5.206832353639e-10 
  136       5.253364314580e-10 
  137       5.299825795068e-10 
  138       5.346206230729e-10 
  139       5.392495988992e-10 
  140       5.438684968394e-10 
  141       5.484762587372e-10 
  142       5.530717773044e-10 
  143       5.576538950005e-10 
  144       5.622214029110e-10 
  145       5.667730396262e-10 
  146       5.713074901202e-10 
  147       5.758233846295e-10 
  148       5.803192975322e-10 
  149       5.847937462259e-10 
  150       5.892451900076e-10 
  151       5.936720289517e-10 
  152       5.980726027891e-10 
  153       6.024453117703e-10 
  154       6.067889942540e-10 
  155       6.111025822362e-10 
  156       6.153849820238e-10 
  157       6.196350737349e-10 
  158       6.238517107984e-10 
  159       6.280337194548e-10 
  160       6.321798982553e-10 
  161       6.362890175628e-10 
  162       6.403598190514e-10 
  163       6.443910152062e-10 
  164       6.483812888243e-10 
  165       6.523292925139e-10 
  166       6.562336481948e-10 
  167       6.600929465983e-10 
  168       6.639057467674e-10 
  169       6.676705755569e-10 
  170       6.713859271331e-10 
  171       6.750503613451e-10 
  172       6.786628090888e-10 
  173       6.822222915648e-10 
  174       6.857278236036e-10 
  175       6.891784135691e-10 
  176       6.925730632622e-10 
  177       6.959107678238e-10 
  178       6.991905156386e-10 
  179       7.024112882385e-10 
  180       7.055720602059e-10 
  181       7.086717990773e-10 
  182       7.117094652466e-10 
  183       7.146840118687e-10 
  184       7.175943847627e-10 
  185       7.204395223157e-10 
  186       7.232183553858e-10 
  187       7.259298072061e-10 
  188       7.285727932875e-10 
  189       7.311462213227e-10 
  190       7.336489910892e-10 
  191       7.360800682866e-10 
  192       7.384387124325e-10 
  193       7.407242659143e-10 
  194       7.429360817367e-10 
  195       7.450735236673e-10 
  196       7.471359663821e-10 
  197       7.491227956108e-10 
  198       7.510334082822e-10 
  199       7.528672126696e-10 
  200       7.546236285357e-10 
  201       7.563020872789e-10 
  202       7.579020320779e-10 
  203       7.594229180372e-10 
  204       7.608642123328e-10 
  205       7.622253943573e-10 
  206       7.635059558651e-10 
  207       7.647054011185e-10 
  208       7.658232470320e-10 
  209       7.668590233186e-10 
  210       7.678122726347e-10 
  211       7.686825507257e-10 
  212       7.694694265709e-10 
  213       7.701725216538e-10 
  214       7.707916304173e-10 
  215       7.713266082271e-10 
  216       7.717773332258e-10 
  217       7.721437065805e-10 
  218       7.724256527322e-10 
  219       7.726231196431e-10 
  220       7.727360790458e-10 
  221       7.727645266913e-10 
  222       7.727084825973e-10 
  223       7.725679912970e-10 
  224       7.723431220868e-10 
  225       7.720339692752e-10 
  226       7.716406524311e-10 
  227       7.711633166320e-10 
  228       7.706021327123e-10 
  229       7.699572975121e-10 
  230       7.692290341250e-10 
  231       7.684175921469e-10 
  232       7.675232479242e-10 
  233       7.665463048023e-10 
  234       7.654870933735e-10 
  235       7.643459717263e-10 
  236       7.631233256926e-10 
  237       7.618195690970e-10 
  238       7.604351398835e-10 
  239       7.589704877220e-10 
  240       7.574260861330e-10 
  241       7.558024367790e-10 
  242       7.541000697050e-10 
  243       7.523195435778e-10 
  244       7.504614459253e-10 
  245       7.485263933770e-10 
  246       7.465150319030e-10 
  247       7.444280370540e-10 
  248       7.422661142008e-10 
  249       7.400299987740e-10 
  250       7.377204565040e-10 
  251       7.353382836601e-10 
  252       7.328843072907e-10 
  253       7.303593854625e-10 
  254       7.277644075008e-10 
  255       7.251002942284e-10 
  256       7.223679982060e-10 
  257       7.195685039714e-10 
  258       7.167028282793e-10 
  259       7.137720203411e-10 
  260       7.107771620644e-10 
  261       7.077193682927e-10 
  262       7.045997870454e-10 
  263       7.014195997568e-10 
  264       6.981800215166e-10 
  265       6.948823013087e-10 
  266       6.915276641429e-10 
  267       6.881171334723e-10 
  268       6.846516995987e-10 
  269       6.811323770542e-10 
  270       6.775602047422e-10 
  271       6.739362460794e-10 
  272       6.702615891370e-10 
  273       6.665373467821e-10 
  274       6.627646568197e-10 
  275       6.589446821337e-10 
  276       6.550786108283e-10 
  277       6.511676563701e-10 
  278       6.472130577291e-10 
  279       6.432160795203e-10 
  280       6.391780121452e-10 
  281       6.351001719333e-10 
  282       6.309839012837e-10 
  283       6.268305688065e-10 
  284       6.226415694641e-10 
  285       6.184183247130e-10 
  286       6.141622826453e-10 
  287       6.098749181300e-10 
  288       6.055577329543e-10 
  289       6.012122559658e-10 
  290       5.968400432132e-10 
  291       5.924426780882e-10 
  292       5.880217714672e-10 
  293       5.835789618521e-10 
  294       5.791159155126e-10 
  295       5.746343266271e-10 
  296       5.701359174244e-10 
  297       5.656223345791e-10 
  298       5.610948325255e-10 
  299       5.565545749932e-10 
  300       5.520027373645e-10 
  301       5.474405066746e-10 
  302       5.428690816131e-10 
  303       5.382896725243e-10 
  304       5.337035014081e-10 
  305       5.291118019211e-10 
  306       5.245158193772e-10 
  307       5.199168107485e-10 
  308       5.153160446662e-10 
  309       5.107148014212e-10 
  310       5.061143729653e-10 
  311       5.015160629116e-10 
  312       4.969211865356e-10 
  313       4.923310707762e-10 
  314       4.877470542359e-10 
  315       4.831704871824e-10 
  316       4.786027315489e-10 
  317       4.740451609350e-10 
  318       4.694991606079e-10 
  319       4.649661275027e-10 
  320       4.604474702236e-10 
  321       4.559446090445e-10 
  322       4.514589759101e-10 
  323       4.469920144366e-10 
  324       4.425451799122e-10 
  325       4.381199392986e-10 
  326       4.337177712313e-10 
  327       4.293401660204e-10 
  328       4.249886256520e-10 
  329       4.206646637884e-10 
  330       4.163698057693e-10 
  331       4.121055886123e-10 
  332       4.078734423520e-10 
  333       4.036743283353e-10 
  334       3.995090851431e-10 
  335       3.953785457016e-10 
  336       3.912835371539e-10 
  337       3.872248807326e-10 
  338       3.832033916314e-10 
  339       3.792198788772e-10 
  340       3.752751452023e-10 
  341       3.713699869161e-10 
  342       3.675051937777e-10 
  343       3.636815488673e-10 
  344       3.598998284586e-10 
  345       3.561608018907e-10 
  346       3.524652314403e-10 
  347       3.488138721935e-10 
  348       3.452074719179e-10 
  349       3.416467709347e-10 
  350       3.381325019909e-10 
  351       3.346653901307e-10 
  352       3.312461525684e-10 
  353       3.278754985598e-10 
  354       3.245541292743e-10 
  355       3.212827376673e-10 
  356       3.180620083518e-10 
  357       3.148926174707e-10 
  358       3.117752325688e-10 
  359       3.087105124646e-10 
  360       3.056991071227e-10 
  361       3.027416575255e-10 
  362       2.998387955454e-10 
  363       2.969911438169e-10 
  364       2.941993156085e-10 
  365       2.914639146947e-10 
  366       2.887855352280e-10 
  367       2.861647616114e-10 
  368       2.836021683696e-10 
  369       2.810983200219e-10 
  370       2.786537709534e-10 
  371       2.762690045167e-10 
  372       2.739442479690e-10 
  373       2.716796500479e-10 
  374       2.694753409083e-10 
  375       2.673314319425e-10 
  376       2.652480155988e-10 
  377       2.632251652009e-10 
  378       2.612629347670e-10 
  379       2.593613588292e-10 
  380       2.575204522525e-10 
  381       2.557402100539e-10 
  382       2.540206072219e-10 
  383       2.523615985353e-10 
  384       2.507631183829e-10 
  385       2.492250805822e-10 
  386       2.477473781988e-10 
  387       2.463298833657e-10 
  388       2.449724471022e-10 
  389       2.436748991334e-10 
  390       2.424370477092e-10 
  391       2.412586794237e-10 
  392       2.401395590339e-10 
  393       2.390794292795e-10 
  394       2.380780107018e-10 
  395       2.371350014628e-10 
  396       2.362500771647e-10 
  397       2.354228906686e-10 
  398       2.346530719143e-10 
  399       2.339402277389e-10 
  400       2.332839416964e-10 
  401       2.326837738769e-10 
  402       2.321392607254e-10 
  403       2.316499148613e-10 
  404       2.312152248977e-10 
  405       2.308346552602e-10 
  406       2.305076460066e-10 
  407       2.302336126454e-10 
  408       2.300119459557e-10 
  409       2.298420118062e-10 
  410       2.297231915506e-10 
  411       2.296550051614e-10 
  412       2.296369921023e-10 
  413       2.296686709943e-10 
  414       2.297495394636e-10 
  415       2.298790739895e-10 
  416       2.300567297531e-10 
  417       2.302819404847e-10 
  418       2.305541183124e-10 
  419       2.308726536098e-10 
  420       2.312369148445e-10 
  421       2.316462484257e-10 
  422       2.320999785528e-10 
  423       2.325974070629e-10 
  424       2.331378132795e-10 
  425       2.337204538602e-10 
  426       2.343445626449e-10 
  427       2.350093505039e-10 
  428       2.357140051858e-10 
  429       2.364576911659e-10 
  430       2.372395494942e-10 
  431       2.380586976433e-10 
  432       2.389142293567e-10 
  433       2.398052144966e-10 
  434       2.407306988925e-10 
  435       2.416897041886e-10 
  436       2.426812276927e-10 
  437       2.437042422233e-10 
  438       2.447576959588e-10 
  439       2.458405122846e-10 
  440       2.469515896418e-10 
  441       2.480898013750e-10 
  442       2.492539955806e-10 
  443       2.504429949547e-10 
  444       2.516555966411e-10 
  445       2.528905720799e-10 
  446       2.541466668548e-10 
  447       2.554226005419e-10 
  448       2.567170665575e-10 
  449       2.580288536496e-10 
  450       2.593572150124e-10 
  451       2.607015108209e-10 
  452       2.620610875881e-10 
  453       2.634352780854e-10 
  454       2.648234012627e-10 
  455       2.662247621687e-10 
  456       2.676386518715e-10 
  457       2.690643473787e-10 
  458       2.705011115578e-10 
  459       2.719481930567e-10 
  460       2.734048262235e-10 
  461       2.748702310277e-10 
  462       2.763436129796e-10 
  463       2.778241630515e-10 
  464       2.793110575971e-10 
  465       2.808034582728e-10 
  466       2.823005119573e-10 
  467       2.838013506724e-10 
  468       2.853050915029e-10 
  469       2.868108365174e-10 
  470       2.883176726881e-10 
  471       2.898246718119e-10 
  472       2.913308904298e-10 
  473       2.928353697480e-10 
  474       2.943371355577e-10 
  475       2.958351981560e-10 
  476       2.973285522655e-10 
  477       2.988161769553e-10 
  478       3.002970355610e-10 
  479       3.017700756051e-10 
  480       3.032342287171e-10 
  481       3.046884105546e-10 
  482       3.061315207225e-10 
  483       3.075624426942e-10 
  484       3.089800437318e-10 
  485       3.103831748060e-10 
  486       3.117706705169e-10 
  487       3.131413490141e-10 
  488       3.144941556345e-10 
  489       3.158285986865e-10 
  490       3.171443264972e-10 
  491       3.184409848617e-10 
  492       3.197182170362e-10 
  493       3.209756637300e-10 
  494       3.222129630986e-10 
  495       3.234297507360e-10 
  496       3.246256596674e-10 
  497       3.258003203421e-10 
  498       3.269533606253e-10 
  499       3.280844057918e-10 
  500       3.291930785175e-10 
  501       3.302789988730e-10 
  502       3.313417843153e-10 
  503       3.323810496812e-10 
  504       3.333964071792e-10 
  505       3.343874663828e-10 
  506       3.353538342225e-10 
  507       3.362951149787e-10 
  508       3.372109102744e-10 
  509       3.381008190673e-10 
  510       3.389644376431e-10 
  511       3.398013596077e-10 
  512       3.406111758797e-10 
  513       3.413934746833e-10 
  514       3.421478415408e-10 
  515       3.428738592651e-10 
  516       3.435711079524e-10 
  517       3.442391649748e-10 
  518       3.448776049729e-10 
  519       3.454859998482e-10 
  520       3.460639187561e-10 
  521       3.466109280983e-10 
  522       3.471265915154e-10 
  523       3.476104698792e-10 
  524       3.480621212861e-10 
  525       3.484811010487e-10 
  526       3.488669616894e-10 
  527       3.492193501699e-10 
  528       3.495383025510e-10 
  529       3.498239574553e-10 
  530       3.500764596010e-10 
  531       3.502959598354e-10 
  532       3.504826151703e-10 
  533       3.506365888157e-10 
  534       3.507580502151e-10 
  535       3.508471750795e-10 
  536       3.509041454224e-10 
  537       3.509291495938e-10 
  538       3.509223823151e-10 
  539       3.508840447137e-10 
  540       3.508143443573e-10 
  541       3.507134952884e-10 
  542       3.505817180592e-10 
  543       3.504192397658e-10 
  544       3.502262940828e-10 
  545       3.500031212979e-10 
  546       3.497499683466e-10 
  547       3.494670888463e-10 
  548       3.491547431312e-10 
  549       3.488131982869e-10 
  550       3.484427281844e-10 
  551       3.480436135154e-10 
  552       3.476161418262e-10 
  553       3.471606075527e-10 
  554       3.466773120544e-10 
  555       3.461665636496e-10 
  556       3.456286776494e-10 
  557       3.450639763925e-10 
  558       3.444727892797e-10 
  559       3.438554528084e-10 
  560       3.432123106070e-10 
  561       3.425437134699e-10 
  562       3.418500193915e-10 
  563       3.411315936009e-10 
  564       3.403888085967e-10 
  565       3.396220441814e-10 
  566       3.388317001441e-10 
  567       3.380182345996e-10 
  568       3.371821267036e-10 
  569       3.363238641336e-10 
  570       3.354439431274e-10 
  571       3.345428685227e-10 
  572       3.336211537961e-10 
  573       3.326793211029e-10 
  574       3.317179013159e-10 
  575       3.307374340646e-10 
  576       3.297384677748e-10 
  577       3.287215597079e-10 
  578       3.276872759997e-10 
  579       3.266361917002e-10 
  580       3.255688908125e-10 
  581       3.244859663322e-10 
  582       3.233880202868e-10 
  583       3.222756637746e-10 
  584       3.211495170044e-10 
  585       3.200102093346e-10 
  586       3.188583793122e-10 
  587       3.176946747125e-10 
  588       3.165197525782e-10 
  589       3.153342792584e-10 
  590       3.141389304484e-10 
  591       3.129343912285e-10 
  592       3.117213561035e-10 
  593       3.105005290418e-10 
  594       3.092726235150e-10 
  595       3.080383625367e-10 
  596       3.067984787021e-10 
  597       3.055537142273e-10 
  598       3.043048209883e-10 
  599       3.030525605605e-10 
  600       3.017977042577e-10 
  601       3.005410331718e-10 
  602       2.992833382117e-10 
  603       2.980254201426e-10 
  604       2.967680896255e-10 
  605       2.955121050347e-10 
  606       2.942579841871e-10 
  607       2.930061881568e-10 
  608       2.917571831060e-10 
  609       2.905114403031e-10 
  610       2.892694361421e-10 
  611       2.880316521611e-10 
  612       2.867985750617e-10 
  613       2.855706967275e-10 
  614       2.843485142431e-10 
  615       2.831325299131e-10 
  616       2.819232512811e-10 
  617       2.807211911480e-10 
  618       2.795268675918e-10 
  619       2.783408039857e-10 
  620       2.771635290177e-10 
  621       2.759955767088e-10 
  622       2.748374864324e-10 
  623       2.736898029332e-10 
  624       2.725530763457e-10 
  625       2.714278622134e-10 
  626       2.703147215079e-10 
  627       2.692142206473e-10 
  628       2.681269315154e-10 
  629       2.670534314807e-10 
  630       2.659943034150e-10 
  631       2.649501357126e-10 
  632       2.639215223090e-10 
  633       2.629090626999e-10 
  634       2.619133619601e-10 
  635       2.609350307623e-10 
  636       2.599746853962e-10 
  637       2.590329477871e-10 
  638       2.581104455151e-10 
  639       2.572078118339e-10 
  640       2.563256856897e-10 
  641       2.554647117400e-10 
  642       2.546255403726e-10 
  643       2.538088277245e-10 
  644       2.530151470443e-10 
  645       2.522447205380e-10 
  646       2.514976814922e-10 
  647       2.507741623743e-10 
  648       2.500742948264e-10 
  649       2.493982096576e-10 
  650       2.487460368383e-10 
  651       2.481179054929e-10 
  652       2.475139438932e-10 
  653       2.469342794517e-10 
  654       2.463790387152e-10 
  655       2.458483473574e-10 
  656       2.453423301730e-10 
  657       2.448611110702e-10 
  658       2.444048130647e-10 
  659       2.439735582726e-10 
  660       2.435674679035e-10 
  661       2.431866622545e-10 
  662       2.428312607026e-10 
  663       2.425013816987e-10 
  664       2.421971427606e-10 
  665       2.419186604662e-10 
  666       2.416660504469e-10 
  667       2.414394273810e-10 
  668       2.412389049868e-10 
  669       2.410645960160e-10 
  670       2.409166122469e-10 
  671       2.407950644778e-10 
  672       2.407000625203e-10 
  673       2.406317151923e-10 
  674       2.405901303118e-10 
  675       2.405754146897e-10 
  676       2.405876741234e-10 
  677       2.406270133899e-10 
  678       2.406935362393e-10 
  679       2.407873453879e-10 
  680       2.409085425115e-10 
  681       2.410572282388e-10 
  682       2.412335021446e-10 
  683       2.414374033176e-10 
  684       2.416687306846e-10 
  685       2.419272188376e-10 
  686       2.422125970902e-10 
  687       2.425245894557e-10 
  688       2.428629146250e-10 
  689       2.432272859447e-10 
  690       2.436174113950e-10 
  691       2.440329935680e-10 
  692       2.444737296454e-10 
  693       2.449393113767e-10 
  694       2.454294250573e-10 
  695       2.459437515064e-10 
  696       2.464819660450e-10 
  697       2.470437384739e-10 
  698       2.476287330520e-10 
  699       2.482366084740e-10 
  700       2.488670178486e-10 
  701       2.495196086764e-10 
  702       2.501940228282e-10 
  703       2.508898965227e-10 
  704       2.516068603045e-10 
  705       2.523445390226e-10 
  706       2.531025518078e-10 
  707       2.538805120514e-10 
  708       2.546780273825e-10 
  709       2.554946996465e-10 
  710       2.563301248831e-10 
  711       2.571838933042e-10 
  712       2.580555892719e-10 
  713       2.589447912766e-10 
  714       2.598510719151e-10 
  715       2.607739978683e-10 
  716       2.617131298798e-10 
  717       2.626680227333e-10 
  718       2.636382252312e-10 
  719       2.646232801719e-10 
  720       2.656227243287e-10 
  721       2.666360884272e-10 
  722       2.676628993223e-10 
  723       2.687026866214e-10 
  724       2.697549761512e-10 
  725       2.708192877503e-10 
  726       2.718951352470e-10 
  727       2.729820264382e-10 
  728       2.740794630679e-10 
  729       2.751869408058e-10 
  730       2.763039492255e-10 
  731       2.774299717835e-10 
  732       2.785644857973e-10 
  733       2.797069624242e-10 
  734       2.808568666399e-10 
  735       2.820136572167e-10 
  736       2.831767867022e-10 
  737       2.843457013981e-10 
  738       2.855198413381e-10 
  739       2.866986402671e-10 
  740       2.878815256193e-10 
  741       2.890679184970e-10 
  742       2.902572336490e-10 
  743       2.914488794489e-10 
  744       2.926422578741e-10 
  745       2.938367644841e-10 
  746       2.950317883988e-10 
  747       2.962267122775e-10 
  748       2.974209122970e-10 
  749       2.986137581306e-10 
  750       2.998046129260e-10 
  751       3.009928332844e-10 
  752       3.021777692388e-10 
  753       3.033587642324e-10 
  754       3.045351550975e-10 
  755       3.057062720336e-10 
  756       3.068714385862e-10 
  757       3.080299716253e-10 
  758       3.091811813238e-10 
  759       3.103243711364e-10 
  760       3.114588377775e-10 
  761       3.125839281054e-10 
  762       3.136992110122e-10 
  763       3.148043087864e-10 
  764       3.158988404962e-10 
  765       3.169824219803e-10 
  766       3.180546658377e-10 
  767       3.191151814185e-10 
  768       3.201635748139e-10 
  769       3.211994488467e-10 
  770       3.222224030611e-10 
  771       3.232320337139e-10 
  772       3.242279337640e-10 
  773       3.252096928632e-10 
  774       3.261768973460e-10 
  775       3.271291302207e-10 
  776       3.280659711587e-10 
  777       3.289869964858e-10 
  778       3.298917791718e-10 
  779       3.307798888211e-10 
  780       3.316508916630e-10 
  781       3.325043505418e-10 
  782       3.333398249076e-10 
  783       3.341568708060e-10 
  784       3.349550408688e-10 
  785       3.357338843041e-10 
  786       3.364929468869e-10 
  787       3.372317709489e-10 
  788       3.379498953694e-10 
  789       3.386468555651e-10 
  790       3.393221834809e-10 
  791       3.399754075797e-10 
  792       3.406060528329e-10 
  793       3.412136407110e-10 
  794       3.417976891734e-10 
  795       3.423577126592e-10 
  796       3.428932220770e-10 
  797       3.434037247957e-10 
  798       3.438887246345e-10 
  799       3.443477218532e-10 
  800       3.447802873185e-10 
  801       3.451862865047e-10 
  802       3.455656595597e-10 
  803       3.459183475031e-10 
  804       3.462442922305e-10 
  805       3.465434365179e-10 
  806       3.468157240260e-10 
  807       3.470610993039e-10 
  808       3.472795077937e-10 
  809       3.474708958347e-10 
  810       3.476352106672e-10 
  811       3.477724004374e-10 
  812       3.478824142008e-10 
  813       3.479652019270e-10 
  814       3.480207145036e-10 
  815       3.480489037405e-10 
  816       3.480497223740e-10 
  817       3.480231240712e-10 
  818       3.479690634340e-10 
  819       3.478874960033e-10 
  820       3.477783782633e-10 
  821       3.476416676457e-10 
  822       3.474773225339e-10 
  823       3.472853022671e-10 
  824       3.470655671444e-10 
  825       3.468180784294e-10 
  826       3.465427983540e-10 
  827       3.462396901228e-10 
  828       3.459087179171e-10 
  829       3.455498468995e-10 
  830       3.451630432176e-10 
  831       3.447482740085e-10 
  832       3.443055074031e-10 
  833       3.438347125297e-10 
  834       3.433358595191e-10 
  835       3.428089195081e-10 
  836       3.422538646438e-10 
  837       3.416706680882e-10 
  838       3.410593040219e-10 
  839       3.404197961493e-10 
  840       3.397523641291e-10 
  841       3.390572796996e-10 
  842       3.383348184210e-10 
  843       3.375852596878e-10 
  844       3.368088867412e-10 
  845       3.360059866820e-10 
  846       3.351768504826e-10 
  847       3.343217729995e-10 
  848       3.334410529860e-10 
  849       3.325349931047e-10 
  850       3.316038999393e-10 
  851       3.306480840080e-10 
  852       3.296678597752e-10 
  853       3.286635456644e-10 
  854       3.276354640704e-10 
  855       3.265839413719e-10 
  856       3.255093079438e-10 
  857       3.244118981701e-10 
  858       3.232920504555e-10 
  859       3.221501072389e-10 
  860       3.209864150049e-10 
  861       3.198013242970e-10 
  862       3.185951897297e-10 
  863       3.173683700007e-10 
  864       3.161212279040e-10 
  865       3.148541303419e-10 
  866       3.135674483375e-10 
  867       3.122615570473e-10 
  868       3.109368357735e-10 
  869       3.095936679766e-10 
  870       3.082324412878e-10 
  871       3.068535475214e-10 
  872       3.054573826873e-10 
  873       3.040443470035e-10 
  874       3.026148449084e-10 
  875       3.011692850734e-10 
  876       2.997080804155e-10 
  877       2.982316481093e-10 
  878       2.967404084750e-10 
  879       2.952347815956e-10 
  880       2.937151906678e-10 
  881       2.921820631343e-10 
  882       2.906358306963e-10 
  883       2.890769293251e-10 
  884       2.875057992751e-10 
  885       2.859228850957e-10 
  886       2.843286356436e-10 
  887       2.827235040952e-10 
  888       2.811079479589e-10 
  889       2.794824290871e-10 
  890       2.778474136888e-10 
  891       2.762033723417e-10 
  892       2.745507800048e-10 
  893       2.728901160301e-10 
  894       2.712218641753e-10 
  895       2.695465126160e-10 
  896       2.678645539581e-10 
  897       2.661764852497e-10 
  898       2.644828079938e-10 
  899       2.627840281604e-10 
  900       2.610806561988e-10 
  901       2.593732070496e-10 
  902       2.576622001577e-10 
  903       2.559481594838e-10 
  904       2.542316135172e-10 
  905       2.525130952877e-10 
  906       2.507931423782e-10 
  907       2.490722969369e-10 
  908       2.473511056894e-10 
  909       2.456301199512e-10 
  910       2.439098956399e-10 
  911       2.421909932874e-10 
  912       2.404739780524e-10 
  913       2.387594197325e-10 
  914       2.370478927762e-10 
  915       2.353399762961e-10 
  916       2.336362540800e-10 
  917       2.319372698384e-10 
  918       2.302433921388e-10 
  919       2.285549473446e-10 
  920       2.268722641921e-10 
  921       2.251956737960e-10 
  922       2.235255096558e-10 
  923       2.218621076613e-10 
  924       2.202058060986e-10 
  925       2.185569456561e-10 
  926       2.169158694303e-10 
  927       2.152829229318e-10 
  928       2.136584540908e-10 
  929       2.120428132639e-10 
  930       2.104363532388e-10 
  931       2.088394292413e-10 
  932       2.072523989404e-10 
  933       2.056756224548e-10 
  934       2.041094623583e-10 
  935       2.025542836861e-10 
  936       2.010104539402e-10 
  937       1.994783430960e-10 
  938       1.979583236076e-10 
  939       1.964507704140e-10 
  940       1.949560609449e-10 
  941       1.934745751266e-10 
  942       1.920066953879e-10 
  943       1.905528066660e-10 
  944       1.891132964124e-10 
  945       1.876885545990e-10 
  946       1.862789737236e-10 
  947       1.848849488161e-10 
  948       1.835068774443e-10 
  949       1.821451597197e-10 
  950       1.808001983037e-10 
  951       1.794723984133e-10 
  952       1.781621678267e-10 
  953       1.768699168900e-10 
  954       1.755960585221e-10 
  955       1.743410082216e-10 
  956       1.731051253487e-10 
  957       1.718885359803e-10 
  958       1.706913073607e-10 
  959       1.695135063781e-10 
  960       1.683551995621e-10 
  961       1.672164530826e-10 
  962       1.660973327475e-10 
  963       1.649979040012e-10 
  964       1.639182319225e-10 
  965       1.628583812232e-10 
  966       1.618184162458e-10 
  967       1.607984009621e-10 
  968       1.597983989714e-10 
  969       1.588184734982e-10 
  970       1.578586873911e-10 
  971       1.569191031205e-10 
  972       1.559997827769e-10 
  973       1.551007880692e-10 
  974       1.542221803229e-10 
  975       1.533640204781e-10 
  976       1.525263690879e-10 
  977       1.517092863167e-10 
  978       1.509128319379e-10 
  979       1.501370653326e-10 
  980       1.493820454877e-10 
  981       1.486478309940e-10 
  982       1.479344800441e-10 
  983       1.472420504315e-10 
  984       1.465705995476e-10 
  985       1.459201843809e-10 
  986       1.452908615148e-10 
  987       1.446826871255e-10 
  988       1.440957169808e-10 
  989       1.435300064378e-10 
  990       1.429856104415e-10 
  991       1.424625835226e-10 
  992       1.419609797959e-10 
  993       1.414808529587e-10 
  994       1.410222562884e-10 
  995       1.405852027804e-10 
  996       1.401695449210e-10 
  997       1.397750931460e-10 
  998       1.394016555343e-10 
  999       1.390490378020e-10 
 1000       1.387170432956e-10 
 1001       1.384054729850e-10 
 1002       1.381141254574e-10 
 1003       1.378427969102e-10 
 1004       1.375912811448e-10 
 1005       1.373593695595e-10 
 1006       1.371468511433e-10 
 1007       1.369535124690e-10 
 1008       1.367791376869e-10 
 1009       1.366235085176e-10 
 1010       1.364864042459e-10 
 1011       1.363676017139e-10 
 1012       1.362668753146e-10 
 1013       1.361839969848e-10 
 1014       1.361187361992e-10 
 1015       1.360708599631e-10 
 1016       1.360401328060e-10 
 1017       1.360263167751e-10 
 1018       1.360291714286e-10 
 1019       1.360484538289e-10 
 1020       1.360839185362e-10 
 1021       1.361353176019e-10 
 1022       1.362024005615e-10 
 1023       1.362849144288e-10 
 1024       1.363826036883e-10 
 1025       1.364952102894e-10 
 1026       1.366224736393e-10 
 1027       1.367641305965e-10 
 1028       1.369199154643e-10 
 1029       1.370895599839e-10 
 1030       1.372727933278e-10 
 1031       1.374693420937e-10 
 1032       1.376789302970e-10 
 1033       1.379012793649e-10 
 1034       1.381361058918e-10 
 1035       1.383831148856e-10 
 1036       1.386420064129e-10 
 1037       1.389124778211e-10 
 1038       1.391942237314e-10 
 1039       1.394869360323e-10 
 1040       1.397903038721e-10 
 1041       1.401040136527e-10 
 1042       1.404277490219e-10 
 1043       1.407611908676e-10 
 1044       1.411040173099e-10 
 1045       1.414559036947e-10 
 1046       1.418165225869e-10 
 1047       1.421855437633e-10 
 1048       1.425626342057e-10 
 1049       1.429474580942e-10 
 1050       1.433396768003e-10 
 1051       1.437389488799e-10 
 1052       1.441449300665e-10 
 1053       1.445572732641e-10 
 1054       1.449756285409e-10 
 1055       1.453996431216e-10 
 1056       1.458289613812e-10 
 1057       1.462632248380e-10 
 1058       1.467020721462e-10 
 1059       1.471451390897e-10 
 1060       1.475920585750e-10 
 1061       1.480424606239e-10 
 1062       1.484959723673e-10 
 1063       1.489522180378e-10 
 1064       1.494108189632e-10 
 1065       1.498713935591e-10 
 1066       1.503335573228e-10 
 1067       1.507969228255e-10 
 1068       1.512610997061e-10 
 1069       1.517256946643e-10 
 1070       1.521903114531e-10 
 1071       1.526545508727e-10 
 1072       1.531180107632e-10 
 1073       1.535803166488e-10 
 1074       1.540412141422e-10 
 1075       1.545004777848e-10 
 1076       1.549578805064e-10 
 1077       1.554131936209e-10 
 1078       1.558661868230e-10 
 1079       1.563166281843e-10 
 1080       1.567642841498e-10 
 1081       1.572089195343e-10 
 1082       1.576502975182e-10 
 1083       1.580881796444e-10 
 1084       1.585223258143e-10 
 1085       1.589524942841e-10 
 1086       1.593784416613e-10 
 1087       1.597999229009e-10 
 1088       1.602166913016e-10 
 1089       1.606284985023e-10 
 1090       1.610350944782e-10 
 1091       1.614362275375e-10 
 1092       1.618316443172e-10 
 1093       1.622210897798e-10 
 1094       1.626043072094e-10 
 1095       1.629810382081e-10 
 1096       1.633510226925e-10 
 1097       1.637139988894e-10 
 1098       1.640697033329e-10 
 1099       1.644178708601e-10 
 1100       1.647582346078e-10 
 1101       1.650905260085e-10 
 1102       1.654144747870e-10 
 1103       1.657298089564e-10 
 1104       1.660362548148e-10 
 1105       1.663335369413e-10 
 1106       1.666213781924e-10 
 1107       1.668994996983e-10 
 1108       1.671676208592e-10 
 1109       1.674254593418e-10 
 1110       1.676727310754e-10 
 1111       1.679091502481e-10 
 1112       1.681344713042e-10 
 1113       1.683486155475e-10 
 1114       1.685515461939e-10 
 1115       1.687432265225e-10 
 1116       1.689236198756e-10 
 1117       1.690926896591e-10 
 1118       1.692503993430e-10 
 1119       1.693967124617e-10 
 1120       1.695315926144e-10 
 1121       1.696550034655e-10 
 1122       1.697669087451e-10 
 1123       1.698672722491e-10 
 1124       1.699560578398e-10 
 1125       1.700332294463e-10 
 1126       1.700987510648e-10 
 1127       1.701525867588e-10 
 1128       1.701947006600e-10 
 1129       1.702250569682e-10 
 1130       1.702436199518e-10 
 1131       1.702503539483e-10 
 1132       1.702452233646e-10 
 1133       1.702281926773e-10 
 1134       1.701992264335e-10 
 1135       1.701582892505e-10 
 1136       1.701053458167e-10 
 1137       1.700403608919e-10 
 1138       1.699632993075e-10 
 1139       1.698741259670e-10 
 1140       1.697728058465e-10 
 1141       1.696593039949e-10 
 1142       1.695335855343e-10 
 1143       1.693956156605e-10 
 1144       1.692453596433e-10 
 1145       1.690827828268e-10 
 1146       1.689078506302e-10 
 1147       1.687205285474e-10 
 1148       1.685207821483e-10 
 1149       1.683085770783e-10 
 1150       1.680838790596e-10 
 1151       1.678466829301e-10 
 1152       1.675971001663e-10 
 1153       1.673352724730e-10 
 1154       1.670613428472e-10 
 1155       1.667754555819e-10 
 1156       1.664777562685e-10 
 1157       1.661683917998e-10 
 1158       1.658475103734e-10 
 1159       1.655152614946e-10 
 1160       1.651717959791e-10 
 1161       1.648172659564e-10 
 1162       1.644518248727e-10 
 1163       1.640756274936e-10 
 1164       1.636888299076e-10 
 1165       1.632915895288e-10 
 1166       1.628840651001e-10 
 1167       1.624664166960e-10 
 1168       1.620388057257e-10 
 1169       1.616013949362e-10 
 1170       1.611543484152e-10 
 1171       1.606978315942e-10 
 1172       1.602320112514e-10 
 1173       1.597570555148e-10 
 1174       1.592731338653e-10 
 1175       1.587804171395e-10 
 1176       1.582790775327e-10 
 1177       1.577692886023e-10 
 1178       1.572512252702e-10 
 1179       1.567250638264e-10 
 1180       1.561909819317e-10 
 1181       1.556491586207e-10 
 1182       1.550997743050e-10 
 1183       1.545430107759e-10 
 1184       1.539790512078e-10 
 1185       1.534080801610e-10 
 1186       1.528302835846e-10 
 1187       1.522458488197e-10 
 1188       1.516549646024e-10 
 1189       1.510578210667e-10 
 1190       1.504546122063e-10 
 1191       1.498455432870e-10 
 1192       1.492308235311e-10 
 1193       1.486106636706e-10 
 1194       1.479852759501e-10 
 1195       1.473548741301e-10 
 1196       1.467196734903e-10 
 1197       1.460798908328e-10 
 1198       1.454357444850e-10 
 1199       1.447874543034e-10 
 1200       1.441352416764e-10 
 1201       1.434793295276e-10 
 1202       1.428199423192e-10 
 1203       1.421573060547e-10 
 1204       1.414916482830e-10 
 1205       1.408231981008e-10 
 1206       1.401521861561e-10 
 1207       1.394788446516e-10 
 1208       1.388034073478e-10 
 1209       1.381261095659e-10 
 1210       1.374471881918e-10 
 1211       1.367668816783e-10 
 1212       1.360854300492e-10 
 1213       1.354030749021e-10 
 1214       1.347200594117e-10 
 1215       1.340366283328e-10 
 1216       1.333530280040e-10 
 1217       1.326695063506e-10 
 1218       1.319863128877e-10 
 1219       1.313036987237e-10 
 1220       1.306219165636e-10 
 1221       1.299412207116e-10 
 1222       1.292618670752e-10 
 1223       1.285841131676e-10 
 1224       1.279082181115e-10 
 1225       1.272344426421e-10 
 1226       1.265630491101e-10 
 1227       1.258943014855e-10 
 1228       1.252284653603e-10 
 1229       1.245657871487e-10 
 1230       1.239064314108e-10 
 1231       1.232505427899e-10 
 1232       1.225982667495e-10 
 1233       1.219497495751e-10 
 1234       1.213051383753e-10 
 1235       1.206645810839e-10 
 1236       1.200282264611e-10 
 1237       1.193962240951e-10 
 1238       1.187687244040e-10 
 1239       1.181458786370e-10 
 1240       1.175278388760e-10 
 1241       1.169147580374e-10 
 1242       1.163067898734e-10 
 1243       1.157040889738e-10 
 1244       1.151068107676e-10 
 1245       1.145151115241e-10 
 1246       1.139291483550e-10 
 1247       1.133490792158e-10 
 1248       1.127750629073e-10 
 1249       1.122072590772e-10 
 1250       1.116458282216e-10 
 1251       1.110909316869e-10 
 1252       1.105427316707e-10 
 1253       1.100013912243e-10 
 1254       1.094670742532e-10 
 1255       1.089399455197e-10 
 1256       1.084201706437e-10 
 1257       1.079079161046e-10 
 1258       1.074033492429e-10 
 1259       1.069066382616e-10 
 1260       1.064179522280e-10 
 1261       1.059374610749e-10 
 1262       1.054653356027e-10 
 1263       1.050017474804e-10 
 1264       1.045468692475e-10 
 1265       1.041008743156e-10 
 1266       1.036639369699e-10 
 1267       1.032362323704e-10 
 1268       1.028179079142e-10 
 1269       1.024089969542e-10 
 1270       1.020095040887e-10 
 1271       1.016194337098e-10 
 1272       1.012387900038e-10 
 1273       1.008675769496e-10 
 1274       1.005057983190e-10 
 1275       1.001534576756e-10 
 1276       9.981055837460e-11 
 1277       9.947710356184e-11 
 1278       9.915309617355e-11 
 1279       9.883853893566e-11 
 1280       9.853343436325e-11 
 1281       9.823778475995e-11 
 1282       9.795159221743e-11 
 1283       9.767485861478e-11 
 1284       9.740758561797e-11 
 1285       9.714977467929e-11 
 1286       9.690142703676e-11 
 1287       9.666254371357e-11 
 1288       9.643312551752e-11 
 1289       9.621317304044e-11 
 1290       9.600268665764e-11 
 1291       9.580166652731e-11 
 1292       9.561011259001e-11 
 1293       9.542802456804e-11 
 1294       9.525540196490e-11 
 1295       9.509224406473e-11 
 1296       9.493854993174e-11 
 1297       9.479431840963e-11 
 1298       9.465954812102e-11 
 1299       9.453423746690e-11 
 1300       9.441838462606e-11 
 1301       9.431198755451e-11 
 1302       9.421504398491e-11 
 1303       9.412755142604e-11 
 1304       9.404950716217e-11 
 1305       9.398090825255e-11 
 1306       9.392175153081e-11 
 1307       9.387201438227e-11 
 1308       9.383159684169e-11 
 1309       9.380037884666e-11 
 1310       9.377823939909e-11 
 1311       9.376505656322e-11 
 1312       9.376070746377e-11 
 1313       9.376506828402e-11 
 1314       9.377801426384e-11 
 1315       9.379941969782e-11 
 1316       9.382915793335e-11 
 1317       9.386710136867e-11 
 1318       9.391312145100e-11 
 1319       9.396708867459e-11 
 1320       9.402887257882e-11 
 1321       9.409834174625e-11 
 1322       9.417536380076e-11 
 1323       9.425980540560e-11 
 1324       9.435153226145e-11 
 1325       9.445040910455e-11 
 1326       9.455629970476e-11 
 1327       9.466906686365e-11 
 1328       9.478857241255e-11 
 1329       9.491467721070e-11 
 1330       9.504724114327e-11 
 1331       9.518612311948e-11 
 1332       9.533118107065e-11 
 1333       9.548227194834e-11 
 1334       9.563925172237e-11 
 1335       9.580197537894e-11 
 1336       9.597029691870e-11 
 1337       9.614406935484e-11 
 1338       9.632314471117e-11 
 1339       9.650737402020e-11 
 1340       9.669660732124e-11 
 1341       9.689069365845e-11 
 1342       9.708948107896e-11 
 1343       9.729281663092e-11 
 1344       9.750054636162e-11 
 1345       9.771251531553e-11 
 1346       9.792856711190e-11 
 1347       9.814854267628e-11 
 1348       9.837228149137e-11 
 1349       9.859962201439e-11 
 1350       9.883040167512e-11 
 1351       9.906445687393e-11 
 1352       9.930162297986e-11 
 1353       9.954173432870e-11 
 1354       9.978462422097e-11 
 1355       1.000301249201e-10 
 1356       1.002780676503e-10 
 1357       1.005282825947e-10 
 1358       1.007805988937e-10 
 1359       1.010348446425e-10 
 1360       1.012908468893e-10 
 1361       1.015484316339e-10 
 1362       1.018074238249e-10 
 1363       1.020676473583e-10 
 1364       1.023289250755e-10 
 1365       1.025910787613e-10 
 1366       1.028539291418e-10 
 1367       1.031172958828e-10 
 1368       1.033809975874e-10 
 1369       1.036448517946e-10 
 1370       1.039086749768e-10 
 1371       1.041722825382e-10 
 1372       1.044354888128e-10 
 1373       1.046981070625e-10 
 1374       1.049599494750e-10 
 1375       1.052208271619e-10 
 1376       1.054805501568e-10 
 1377       1.057389274136e-10 
 1378       1.059957668039e-10 
 1379       1.062508751157e-10 
 1380       1.065040580513e-10 
 1381       1.067551202250e-10 
 1382       1.070038651616e-10 
 1383       1.072500952943e-10 
 1384       1.074936119627e-10 
 1385       1.077342313896e-10 
 1386       1.079718327998e-10 
 1387       1.082063108055e-10 
 1388       1.084375594728e-10 
 1389       1.086654723204e-10 
 1390       1.088899423194e-10 
 1391       1.091108618915e-10 
 1392       1.093281229087e-10 
 1393       1.095416166919e-10 
 1394       1.097512340104e-10 
 1395       1.099568650805e-10 
 1396       1.101583995648e-10 
 1397       1.103557265713e-10 
 1398       1.105487346524e-10 
 1399       1.107373118037e-10 
 1400       1.109213454637e-10 
 1401       1.111007225120e-10 
 1402       1.112753292690e-10 
 1403       1.114450514948e-10 
 1404       1.116097743881e-10 
 1405       1.117693825854e-10 
 1406       1.119237601599e-10 
 1407       1.120727906208e-10 
 1408       1.122163569122e-10 
 1409       1.123543414121e-10 
 1410       1.124866259316e-10 
 1411       1.126130917138e-10 
 1412       1.127336194331e-10 
 1413       1.128480891938e-10 
 1414       1.129563805298e-10 
 1415       1.130583724029e-10 
 1416       1.131539432026e-10 
 1417       1.132429707447e-10 
 1418       1.133253322702e-10 
 1419       1.134009044451e-10 
 1420       1.134695633586e-10 
 1421       1.135311845226e-10 
 1422       1.135856428707e-10 
 1423       1.136328127573e-10 
 1424       1.136725891493e-10 
 1425       1.137049514417e-10 
 1426       1.137299002956e-10 
 1427       1.137474365053e-10 
 1428       1.137575609982e-10 
 1429       1.137602748356e-10 
 1430       1.137555792127e-10 
 1431       1.137434754591e-10 
 1432       1.137239650389e-10 
 1433       1.136970495510e-10 
 1434       1.136627307299e-10 
 1435       1.136210104452e-10 
 1436       1.135718907025e-10 
 1437       1.135153736436e-10 
 1438       1.134514615468e-10 
 1439       1.133801568269e-10 
 1440       1.133014620361e-10 
 1441       1.132153798636e-10 
 1442       1.131219131365e-10 
 1443       1.130210648200e-10 
 1444       1.129128380174e-10 
 1445       1.127972359706e-10 
 1446       1.126742620604e-10 
 1447       1.125439198070e-10 
 1448       1.124062128699e-10 
 1449       1.122611450487e-10 
 1450       1.121087202827e-10 
 1451       1.119489426522e-10 
 1452       1.117818163778e-10 
 1453       1.116073458213e-10 
 1454       1.114255354860e-10 
 1455       1.112363900167e-10 
 1456       1.110399142003e-10 
 1457       1.108361129660e-10 
 1458       1.106249913854e-10 
 1459       1.104065546733e-10 
 1460       1.101808081874e-10 
 1461       1.099477574293e-10 
 1462       1.097074080440e-10 
 1463       1.094597800218e-10 
 1464       1.092049504558e-10 
 1465       1.089430112122e-10 
 1466       1.086740547691e-10 
 1467       1.083981742180e-10 
 1468       1.081154632646e-10 
 1469       1.078260162302e-10 
 1470       1.075299280522e-10 
 1471       1.072272942859e-10 
 1472       1.069182111053e-10 
 1473       1.066027753041e-10 
 1474       1.062810842970e-10 
 1475       1.059532361207e-10 
 1476       1.056193294351e-10 
 1477       1.052794635241e-10 
 1478       1.049337382971e-10 
 1479       1.045822542899e-10 
 1480       1.042251126659e-10 
 1481       1.038624152170e-10 
 1482       1.034942643650e-10 
 1483       1.031207631624e-10 
 1484       1.027420152937e-10 
 1485       1.023581250764e-10 
 1486       1.019691974623e-10 
 1487       1.015753380384e-10 
 1488       1.011766530279e-10 
 1489       1.007732492917e-10 
 1490       1.003652343291e-10 
 1491       9.995271627905e-11 
 1492       9.953580392147e-11 
 1493       9.911460667798e-11 
 1494       9.868923461322e-11 
 1495       9.825979843592e-11 
 1496       9.782640950001e-11 
 1497       9.738917980568e-11 
 1498       9.694822200053e-11 
 1499       9.650364938063e-11 
 1500       9.605557589169e-11 
 1501       9.560411613007e-11 
 1502       9.514938600899e-11 
 1503       9.469150476177e-11 
 1504       9.423059296023e-11 
 1505       9.376677185263e-11 
 1506       9.330016336478e-11 
 1507       9.283089010119e-11 
 1508       9.235907534616e-11 
 1509       9.188484306502e-11 
 1510       9.140831790515e-11 
 1511       9.092962519721e-11 
 1512       9.044889095624e-11 
 1513       8.996624188278e-11 
 1514       8.948180536407e-11 
 1515       8.899570947511e-11 
 1516       8.850808297987e-11 
 1517       8.801905533237e-11 
 1518       8.752875667786e-11 
 1519       8.703731785394e-11 
 1520       8.654487039171e-11 
 1521       8.605154651688e-11 
 1522       8.555747915095e-11 
 1523       8.506280191232e-11 
 1524       8.456764911743e-11 
 1525       8.407215578192e-11 
 1526       8.357645762172e-11 
 1527       8.308069105426e-11 
 1528       8.258499319955e-11 
 1529       8.208950188134e-11 
 1530       8.159435562826e-11 
 1531       8.109969367495e-11 
 1532       8.060565596320e-11 
 1533       8.011238314311e-11 
 1534       7.962001657420e-11 
 1535       7.912869832654e-11 
 1536       7.863857118195e-11 
 1537       7.814977863505e-11 
 1538       7.766246489448e-11 
 1539       7.717677488399e-11 
 1540       7.669285424358e-11 
 1541       7.621083828820e-11 
 1542       7.573081876681e-11 
 1543       7.525287679004e-11 
 1544       7.477709384458e-11 
 1545       7.430355179380e-11 
 1546       7.383233287829e-11 
 1547       7.336351971648e-11 
 1548       7.289719530518e-11 
 1549       7.243344302019e-11 
 1550       7.197234661688e-11 
 1551       7.151399023075e-11 
 1552       7.105845837804e-11 
 1553       7.060583595626e-11 
 1554       7.015620824485e-11 
 1555       6.970966090569e-11 
 1556       6.926627998372e-11 
 1557       6.882615190749e-11 
 1558       6.838936348977e-11 
 1559       6.795600192813e-11 
 1560       6.752615480549e-11 
 1561       6.709991009073e-11 
 1562       6.667735613928e-11 
 1563       6.625858169364e-11 
 1564       6.584367588406e-11 
 1565       6.543272822901e-11 
 1566       6.502582863585e-11 
 1567       6.462306740136e-11 
 1568       6.422453521236e-11 
 1569       6.383032314624e-11 
 1570       6.344052267158e-11 
 1571       6.305522564871e-11 
 1572       6.267452433033e-11 
 1573       6.229851136204e-11 
 1574       6.192727978293e-11 
 1575       6.156092302619e-11 
 1576       6.119953491967e-11 
 1577       6.084320968647e-11 
 1578       6.049204194551e-11 
 1579       6.014612671211e-11 
 1580       5.980554433603e-11 
 1581       5.947031516175e-11 
 1582       5.914044444958e-11 
 1583       5.881593739994e-11 
 1584       5.849679915320e-11 
 1585       5.818303478961e-11 
 1586       5.787464932907e-11 
 1587       5.757164773105e-11 
 1588       5.727403489442e-11 
 1589       5.698181565731e-11 
 1590       5.669499479698e-11 
 1591       5.641357702965e-11 
 1592       5.613756701040e-11 
 1593       5.586696933297e-11 
 1594       5.560178852969e-11 
 1595       5.534202907125e-11 
 1596       5.508769536664e-11 
 1597       5.483879176295e-11 
 1598       5.459532254526e-11 
 1599       5.435729193648e-11 
 1600       5.412470409722e-11 
 1601       5.389756312562e-11 
 1602       5.367587305724e-11 
 1603       5.345963786492e-11 
 1604       5.324886145859e-11 
 1605       5.304354768519e-11 
 1606       5.284370032847e-11 
 1607       5.264932310889e-11 
 1608       5.246041968345e-11 
 1609       5.227699364556e-11 
 1610       5.209904852491e-11 
 1611       5.192658778728e-11 
 1612       5.175961483447e-11 
 1613       5.159813300408e-11 
 1614       5.144214556944e-11 
 1615       5.129165573938e-11 
 1616       5.114666665820e-11 
 1617       5.100718140542e-11 
 1618       5.087320299570e-11 
 1619       5.074472404846e-11 
 1620       5.062169569506e-11 
 1621       5.050405839037e-11 
 1622       5.039175221688e-11 
 1623       5.028471688408e-11 
 1624       5.018289172787e-11 
 1625       5.008621570990e-11 
 1626       4.999462741699e-11 
 1627       4.990806506053e-11 
 1628       4.982646647578e-11 
 1629       4.974976912138e-11 
 1630       4.967791007861e-11 
 1631       4.961082605087e-11 
 1632       4.954845336301e-11 
 1633       4.949072796074e-11 
 1634       4.943758540999e-11 
 1635       4.938896089634e-11 
 1636       4.934478922435e-11 
 1637       4.930500481697e-11 
 1638       4.926954171495e-11 
 1639       4.923833357616e-11 
 1640       4.921131367505e-11 
 1641       4.918841490198e-11 
 1642       4.916956976263e-11 
 1643       4.915471037737e-11 
 1644       4.914376848066e-11 
 1645       4.913667542041e-11 
 1646       4.913336215741e-11 
 1647       4.913375926467e-11 
 1648       4.913779692681e-11 
 1649       4.914540493948e-11 
 1650       4.915651270869e-11 
 1651       4.917104925025e-11 
 1652       4.918894318912e-11 
 1653       4.921012275880e-11 
 1654       4.923451580072e-11 
 1655       4.926204976363e-11 
 1656       4.929265170296e-11 
 1657       4.932624828025e-11 
 1658       4.936276470268e-11 
 1659       4.940212153291e-11 
 1660       4.944423784989e-11 
 1661       4.948903230544e-11 
 1662       4.953642312360e-11 
 1663       4.958632809996e-11 
 1664       4.963866460099e-11 
 1665       4.969334956339e-11 
 1666       4.975029949344e-11 
 1667       4.980943046630e-11 
 1668       4.987065812540e-11 
 1669       4.993389768174e-11 
 1670       4.999906391322e-11 
 1671       5.006607116403e-11 
 1672       5.013483334393e-11 
 1673       5.020526392764e-11 
 1674       5.027727595413e-11 
 1675       5.035078202599e-11 
 1676       5.042569430875e-11 
 1677       5.050192453026e-11 
 1678       5.057938397996e-11 
 1679       5.065798350826e-11 
 1680       5.073763352590e-11 
 1681       5.081824400323e-11 
 1682       5.089972446960e-11 
 1683       5.098198401267e-11 
 1684       5.106493127775e-11 
 1685       5.114847446717e-11 
 1686       5.123252133956e-11 
 1687       5.131697920925e-11 
 1688       5.140175494555e-11 
 1689       5.148675497216e-11 
 1690       5.157188526642e-11 
 1691       5.165705135874e-11 
 1692       5.174215833185e-11 
 1693       5.182711082022e-11 
 1694       5.191181300934e-11 
 1695       5.199616863508e-11 
 1696       5.208008098303e-11 
 1697       5.216346005866e-11 
 1698       5.224624416671e-11 
 1699       5.232837851654e-11 
 1700       5.240980806783e-11 
 1701       5.249047753022e-11 
 1702       5.257033136291e-11 
 1703       5.264931377436e-11 
 1704       5.272736872188e-11 
 1705       5.280443991129e-11 
 1706       5.288047079654e-11 
 1707       5.295540457936e-11 
 1708       5.302918420889e-11 
 1709       5.310175238132e-11 
 1710       5.317305153954e-11 
 1711       5.324302387273e-11 
 1712       5.331161131607e-11 
 1713       5.337875555032e-11 
 1714       5.344439800147e-11 
 1715       5.350847984038e-11 
 1716       5.357094198244e-11 
 1717       5.363172508715e-11 
 1718       5.369076955783e-11 
 1719       5.374801554120e-11 
 1720       5.380340292704e-11 
 1721       5.385687134782e-11 
 1722       5.390836017834e-11 
 1723       5.395780853538e-11 
 1724       5.400515527731e-11 
 1725       5.405033900375e-11 
 1726       5.409329805520e-11 
 1727       5.413397051267e-11 
 1728       5.417229419731e-11 
 1729       5.420820667009e-11 
 1730       5.424164523139e-11 
 1731       5.427254692065e-11 
 1732       5.430084851601e-11 
 1733       5.432648653396e-11 
 1734       5.434939722895e-11 
 1735       5.436951659306e-11 
 1736       5.438679040282e-11 
 1737       5.440120445319e-11 
 1738       5.441275457768e-11 
 1739       5.442143662434e-11 
 1740       5.442724645579e-11 
 1741       5.443017994922e-11 
 1742       5.443023299649e-11 
 1743       5.442740150409e-11 
 1744       5.442168139324e-11 
 1745       5.441306859991e-11 
 1746       5.440155907483e-11 
 1747       5.438714878355e-11 
 1748       5.436983370650e-11 
 1749       5.434960983897e-11 
 1750       5.432647319120e-11 
 1751       5.430041978838e-11 
 1752       5.427144567071e-11 
 1753       5.423954689343e-11 
 1754       5.420471952684e-11 
 1755       5.416695965637e-11 
 1756       5.412626338259e-11 
 1757       5.408262682126e-11 
 1758       5.403604610336e-11 
 1759       5.398651737514e-11 
 1760       5.393403679812e-11 
 1761       5.387860054917e-11 
 1762       5.382020482054e-11 
 1763       5.375884581987e-11 
 1764       5.369451977026e-11 
 1765       5.362722291026e-11 
 1766       5.355695149397e-11 
 1767       5.348370179103e-11 
 1768       5.340747008667e-11 
 1769       5.332825268175e-11 
 1770       5.324604589280e-11 
 1771       5.316084605203e-11 
 1772       5.307264950742e-11 
 1773       5.298145262271e-11 
 1774       5.288725177744e-11 
 1775       5.279005041995e-11 
 1776       5.268988028981e-11 
 1777       5.258678037040e-11 
 1778       5.248078985216e-11 
 1779       5.237194813291e-11 
 1780       5.226029481812e-11 
 1781       5.214586972127e-11 
 1782       5.202871286410e-11 
 1783       5.190886447695e-11 
 1784       5.178636499903e-11 
 1785       5.166125507880e-11 
 1786       5.153357557417e-11 
 1787       5.140336755289e-11 
 1788       5.127067229283e-11 
 1789       5.113553128226e-11 
 1790       5.099798622020e-11 
 1791       5.085807901667e-11 
 1792       5.071585179306e-11 
 1793       5.057134688239e-11 
 1794       5.042460682961e-11 
 1795       5.027567439194e-11 
 1796       5.012459253917e-11 
 1797       4.997140445392e-11 
 1798       4.981615353201e-11 
 1799       4.965888338272e-11 
 1800       4.949963782911e-11 
 1801       4.933846090831e-11 
 1802       4.917539687188e-11 
 1803       4.901049018603e-11 
 1804       4.884378553200e-11 
 1805       4.867532780632e-11 
 1806       4.850516212114e-11 
 1807       4.833333380452e-11 
 1808       4.815988840075e-11 
 1809       4.798487167065e-11 
 1810       4.780832959184e-11 
 1811       4.763030835912e-11 
 1812       4.745085438472e-11 
 1813       4.727001429860e-11 
 1814       4.708783579643e-11 
 1815       4.690437019031e-11 
 1816       4.671966987920e-11 
 1817       4.653378750353e-11 
 1818       4.634677594547e-11 
 1819       4.615868832934e-11 
 1820       4.596957802190e-11 
 1821       4.577949863270e-11 
 1822       4.558850401438e-11 
 1823       4.539664826310e-11 
 1824       4.520398571876e-11 
 1825       4.501057096542e-11 
 1826       4.481645883161e-11 
 1827       4.462170439064e-11 
 1828       4.442636296100e-11 
 1829       4.423049010661e-11 
 1830       4.403414163723e-11 
 1831       4.383737360877e-11 
 1832       4.364024232363e-11 
 1833       4.344280433100e-11 
 1834       4.324511642726e-11 
 1835       4.304723565628e-11 
 1836       4.284921930973e-11 
 1837       4.265112492749e-11 
 1838       4.245301029791e-11 
 1839       4.225493345820e-11 
 1840       4.205695269472e-11 
 1841       4.185912654336e-11 
 1842       4.166151378986e-11 
 1843       4.146417347012e-11 
 1844       4.126716487059e-11 
 1845       4.107054752856e-11 
 1846       4.087438123250e-11 
 1847       4.067872602243e-11 
 1848       4.048364219023e-11 
 1849       4.028919027997e-11 
 1850       4.009543108826e-11 
 1851       3.990242566459e-11 
 1852       3.971023531165e-11 
 1853       3.951891693547e-11 
 1854       3.932850905488e-11 
 1855       3.913904568223e-11 
 1856       3.895056096374e-11 
 1857       3.876308917965e-11 
 1858       3.857666474444e-11 
 1859       3.839132220697e-11 
 1860       3.820709625065e-11 
 1861       3.802402169364e-11 
 1862       3.784213348900e-11 
 1863       3.766146672490e-11 
 1864       3.748205662473e-11 
 1865       3.730393854733e-11 
 1866       3.712714798716e-11 
 1867       3.695172057442e-11 
 1868       3.677769207531e-11 
 1869       3.660509839212e-11 
 1870       3.643397556345e-11 
 1871       3.626435976438e-11 
 1872       3.609628730664e-11 
 1873       3.592979463876e-11 
 1874       3.576491834631e-11 
 1875       3.560169515197e-11 
 1876       3.544016191581e-11 
 1877       3.528035563540e-11 
 1878       3.512231344600e-11 
 1879       3.496607262072e-11 
 1880       3.481167057074e-11 
 1881       3.465914484543e-11 
 1882       3.450853313255e-11 
 1883       3.435987325841e-11 
 1884       3.421320318808e-11 
 1885       3.406856102550e-11 
 1886       3.392598501371e-11 
 1887       3.378551353502e-11 
 1888       3.364718511114e-11 
 1889       3.351103840339e-11 
 1890       3.337711221288e-11 
 1891       3.324544548066e-11 
 1892       3.311607068321e-11 
 1893       3.298899396281e-11 
 1894       3.286421484380e-11 
 1895       3.274173282332e-11 
 1896       3.262154737123e-11 
 1897       3.250365793007e-11 
 1898       3.238806391501e-11 
 1899       3.227476471380e-11 
 1900       3.216375968674e-11 
 1901       3.205504816660e-11 
 1902       3.194862945861e-11 
 1903       3.184450284038e-11 
 1904       3.174266756187e-11 
 1905       3.164312284536e-11 
 1906       3.154586788534e-11 
 1907       3.145090184855e-11 
 1908       3.135822387385e-11 
 1909       3.126783307223e-11 
 1910       3.117972852672e-11 
 1911       3.109390929240e-11 
 1912       3.101037439629e-11 
 1913       3.092912283732e-11 
 1914       3.085015358632e-11 
 1915       3.077346558593e-11 
 1916       3.069905775056e-11 
 1917       3.062692896636e-11 
 1918       3.055707809114e-11 
 1919       3.048950395439e-11 
 1920       3.042420535713e-11 
 1921       3.036118107195e-11 
 1922       3.030042984294e-11 
 1923       3.024195038561e-11 
 1924       3.018574138688e-11 
 1925       3.013180150502e-11 
 1926       3.008012936958e-11 
 1927       3.003072358139e-11 
 1928       2.998358271249e-11 
 1929       2.993870530604e-11 
 1930       2.989608987635e-11 
 1931       2.985573031873e-11 
 1932       2.981760210125e-11 
 1933       2.978167596823e-11 
 1934       2.974792252062e-11 
 1935       2.971631221580e-11 
 1936       2.968681536736e-11 
 1937       2.965940214492e-11 
 1938       2.963404257395e-11 
 1939       2.961070653555e-11 
 1940       2.958936376627e-11 
 1941       2.956998385791e-11 
 1942       2.955253625732e-11 
 1943       2.953699026622e-11 
 1944       2.952331504098e-11 
 1945       2.951147959247e-11 
 1946       2.950145278581e-11 
 1947       2.949320334019e-11 
 1948       2.948669982871e-11 
 1949       2.948191067814e-11 
 1950       2.947880416877e-11 
 1951       2.947734843416e-11 
 1952       2.947751146098e-11 
 1953       2.947926108882e-11 
 1954       2.948256500998e-11 
 1955       2.948739076927e-11 
 1956       2.949370576383e-11 
 1957       2.950147724293e-11 
 1958       2.951067230777e-11 
 1959       2.952125791128e-11 
 1960       2.953320085795e-11 
 1961       2.954646780360e-11 
 1962       2.956102525521e-11 
 1963       2.957683957072e-11 
 1964       2.959387695882e-11 
 1965       2.961210347879e-11 
 1966       2.963148504026e-11 
 1967       2.965198740303e-11 
 1968       2.967357617691e-11 
 1969       2.969621682148e-11 
 1970       2.971987424052e-11 
 1971       2.974451156240e-11 
 1972       2.977009135023e-11 
 1973       2.979657600625e-11 
 1974       2.982392777160e-11 
 1975       2.985210872609e-11 
 1976       2.988108078805e-11 
 1977       2.991080571408e-11 
 1978       2.994124509884e-11 
 1979       2.997236037486e-11 
 1980       3.000411281233e-11 
 1981       3.003646351890e-11 
 1982       3.006937343945e-11 
 1983       3.010280335588e-11 
 1984       3.013671388693e-11 
 1985       3.017106548797e-11 
 1986       3.020581845077e-11 
 1987       3.024093290328e-11 
 1988       3.027636880949e-11 
 1989       3.031208596914e-11 
 1990       3.034804401757e-11 
 1991       3.038420242549e-11 
 1992       3.042052049876e-11 
 1993       3.045695737821e-11 
 1994       3.049347203942e-11 
 1995       3.053002329251e-11 
 1996       3.056656978192e-11 
 1997       3.060306998624e-11 
 1998       3.063948221796e-11 
 1999       3.067576462329e-11 
 2000       3.071187518193e-11 
 2001       3.074777170690e-11 
 2002       3.078341184428e-11 
 2003       3.081875307304e-11 
 2004       3.085375270483e-11 
 2005       3.088836788376e-11 
 2006       3.092255558619e-11 
 2007       3.095627262054e-11 
 2008       3.098947562706e-11 
 2009       3.102212436572e-11 
 2010       3.105419160636e-11 
 2011       3.108565331017e-11 
 2012       3.111648534805e-11 
 2013       3.114666350051e-11 
 2014       3.117616345752e-11 
 2015       3.120496081845e-11 
 2016       3.123303109193e-11 
 2017       3.126034969576e-11 
 2018       3.128689195676e-11 
 2019       3.131263311071e-11 
 2020       3.133754830221e-11 
 2021       3.136161258459e-11 
 2022       3.138480091977e-11 
 2023       3.140708817817e-11 
 2024       3.142844913861e-11 
 2025       3.144885848818e-11 
 2026       3.146829082214e-11 
 2027       3.148672064381e-11 
 2028       3.150412236445e-11 
 2029       3.152047030316e-11 
 2030       3.153573868678e-11 
 2031       3.154990164975e-11 
 2032       3.156293323404e-11 
 2033       3.157480738899e-11 
 2034       3.158549797125e-11 
 2035       3.159497874464e-11 
 2036       3.160322338006e-11 
 2037       3.161020545534e-11 
 2038       3.161589845519e-11 
 2039       3.162027577103e-11 
 2040       3.162331070094e-11 
 2041       3.162497644949e-11 
 2042       3.162524612767e-11 
 2043       3.162409275277e-11 
 2044       3.162148924826e-11 
 2045       3.161740844370e-11 
 2046       3.161182307460e-11 
 2047       3.160470578236e-11 
 2048       3.159603372816e-11 
 2049       3.158580247114e-11 
 2050       3.157401218922e-11 
 2051       3.156066307406e-11 
 2052       3.154575533109e-11 
 2053       3.152928917954e-11 
 2054       3.151126485244e-11 
 2055       3.149168259664e-11 
 2056       3.147054267288e-11 
 2057       3.144784535575e-11 
 2058       3.142359093375e-11 
 2059       3.139777970929e-11 
 2060       3.137041199874e-11 
 2061       3.134148813242e-11 
 2062       3.131100845464e-11 
 2063       3.127897332373e-11 
 2064       3.124538311203e-11 
 2065       3.121023820596e-11 
 2066       3.117353900599e-11 
 2067       3.113528592670e-11 
 2068       3.109547939679e-11 
 2069       3.105411985909e-11 
 2070       3.101120777061e-11 
 2071       3.096674360252e-11 
 2072       3.092072784022e-11 
 2073       3.087316098332e-11 
 2074       3.082404354571e-11 
 2075       3.077337605551e-11 
 2076       3.072115905517e-11 
 2077       3.066739310143e-11 
 2078       3.061207876540e-11 
 2079       3.055521663253e-11 
 2080       3.049680730264e-11 
 2081       3.043685138998e-11 
 2082       3.037534952321e-11 
 2083       3.031230234545e-11 
 2084       3.024771051427e-11 
 2085       3.018157470177e-11 
 2086       3.011389559452e-11 
 2087       3.004467715065e-11 
 2088       2.997393639572e-11 
 2089       2.990169369559e-11 
 2090       2.982796950575e-11 
 2091       2.975278437143e-11 
 2092       2.967615892774e-11 
 2093       2.959811389974e-11 
 2094       2.951867010259e-11 
 2095       2.943784844162e-11 
 2096       2.935566991250e-11 
 2097       2.927215560129e-11 
 2098       2.918732668461e-11 
 2099       2.910120442968e-11 
 2100       2.901381019452e-11 
 2101       2.892516542797e-11 
 2102       2.883529166989e-11 
 2103       2.874421055119e-11 
 2104       2.865194379400e-11 
 2105       2.855851321177e-11 
 2106       2.846394070935e-11 
 2107       2.836824828314e-11 
 2108       2.827145802118e-11 
 2109       2.817359210328e-11 
 2110       2.807467280110e-11 
 2111       2.797472247830e-11 
 2112       2.787376359062e-11 
 2113       2.777181868602e-11 
 2114       2.766891040476e-11 
 2115       2.756506147953e-11 
 2116       2.746029473558e-11 
 2117       2.735463309079e-11 
 2118       2.724809955580e-11 
 2119       2.714071723415e-11 
 2120       2.703250932234e-11 
 2121       2.692349910999e-11 
 2122       2.681370997991e-11 
 2123       2.670316540824e-11 
 2124       2.659188896456e-11 
 2125       2.647990431199e-11 
 2126       2.636723561337e-11 
 2127       2.625390875270e-11 
 2128       2.613995012233e-11 
 2129       2.602538621780e-11 
 2130       2.591024363793e-11 
 2131       2.579454908498e-11 
 2132       2.567832936473e-11 
 2133       2.556161138664e-11 
 2134       2.544442216395e-11 
 2135       2.532678881381e-11 
 2136       2.520873855741e-11 
 2137       2.509029872007e-11 
 2138       2.497149673143e-11 
 2139       2.485236012548e-11 
 2140       2.473291654076e-11 
 2141       2.461319372045e-11 
 2142       2.449321951250e-11 
 2143       2.437302186974e-11 
 2144       2.425262885001e-11 
 2145       2.413206861630e-11 
 2146       2.401136943683e-11 
 2147       2.389055968521e-11 
 2148       2.376966784058e-11 
 2149       2.364872248765e-11 
 2150       2.352775231691e-11 
 2151       2.340678612472e-11 
 2152       2.328585281342e-11 
 2153       2.316498139146e-11 
 2154       2.304420097353e-11 
 2155       2.292354078069e-11 
 2156       2.280303014045e-11 
 2157       2.268269848696e-11 
 2158       2.256257536107e-11 
 2159       2.244269041049e-11 
 2160       2.232307338989e-11 
 2161       2.220375416103e-11 
 2162       2.208476269291e-11 
 2163       2.196612906184e-11 
 2164       2.184788345161e-11 
 2165       2.173005402480e-11 
 2166       2.161266052092e-11 
 2167       2.149572061523e-11 
 2168       2.137925204367e-11 
 2169       2.126327260295e-11 
 2170       2.114780015055e-11 
 2171       2.103285260486e-11 
 2172       2.091844794521e-11 
 2173       2.080460421194e-11 
 2174       2.069133950650e-11 
 2175       2.057867199146e-11 
 2176       2.046661989063e-11 
 2177       2.035520148910e-11 
 2178       2.024443513332e-11 
 2179       2.013433923116e-11 
 2180       2.002493225199e-11 
 2181       1.991623272673e-11 
 2182       1.980825924794e-11 
 2183       1.970103046987e-11 
 2184       1.959456510852e-11 
 2185       1.948888194176e-11 
 2186       1.938399980931e-11 
 2187       1.927993761290e-11 
 2188       1.917671431628e-11 
 2189       1.907434894529e-11 
 2190       1.897286058796e-11 
 2191       1.887226839457e-11 
 2192       1.877259157767e-11 
 2193       1.867384941222e-11 
 2194       1.857606123561e-11 
 2195       1.847924644775e-11 
 2196       1.838342451111e-11 
 2197       1.828861495082e-11 
 2198       1.819483735474e-11 
 2199       1.810211137348e-11 
 2200       1.801045672054e-11 
 2201       1.791989317231e-11 
 2202       1.783044056818e-11 
 2203       1.774211881058e-11 
 2204       1.765494475471e-11 
 2205       1.756892285481e-11 
 2206       1.748405445586e-11 
 2207       1.740034089835e-11 
 2208       1.731778351821e-11 
 2209       1.723638364686e-11 
 2210       1.715614261114e-11 
 2211       1.707706173336e-11 
 2212       1.699914233126e-11 
 2213       1.692238571800e-11 
 2214       1.684679320217e-11 
 2215       1.677236608776e-11 
 2216       1.669910567416e-11 
 2217       1.662701325615e-11 
 2218       1.655609012389e-11 
 2219       1.648633756294e-11 
 2220       1.641775685418e-11 
 2221       1.635034927389e-11 
 2222       1.628411609367e-11 
 2223       1.621905858046e-11 
 2224       1.615517799653e-11 
 2225       1.609247559950e-11 
 2226       1.603095264225e-11 
 2227       1.597061037300e-11 
 2228       1.591145003526e-11 
 2229       1.585347286781e-11 
 2230       1.579668010472e-11 
 2231       1.574107297533e-11 
 2232       1.568665270421e-11 
 2233       1.563342051123e-11 
 2234       1.558137761145e-11 
 2235       1.553052521520e-11 
 2236       1.548086452800e-11 
 2237       1.543239675062e-11 
 2238       1.538512307901e-11 
 2239       1.533904470433e-11 
 2240       1.529416281292e-11 
 2241       1.525047858630e-11 
 2242       1.520799320116e-11 
 2243       1.516670555899e-11 
 2244       1.512660545879e-11 
 2245       1.508768037975e-11 
 2246       1.504991774756e-11 
 2247       1.501330493431e-11 
 2248       1.497782925844e-11 
 2249       1.494347798466e-11 
 2250       1.491023832394e-11 
 2251       1.487809743336e-11 
 2252       1.484704241613e-11 
 2253       1.481706032148e-11 
 2254       1.478813814461e-11 
 2255       1.476026282663e-11 
 2256       1.473342125449e-11 
 2257       1.470760026093e-11 
 2258       1.468278662439e-11 
 2259       1.465896706897e-11 
 2260       1.463612826439e-11 
 2261       1.461425682586e-11 
 2262       1.459333931407e-11 
 2263       1.457336223512e-11 
 2264       1.455431204045e-11 
 2265       1.453617512676e-11 
 2266       1.451893783599e-11 
 2267       1.450258645521e-11 
 2268       1.448710721658e-11 
 2269       1.447248629730e-11 
 2270       1.445870981952e-11 
 2271       1.444576385029e-11 
 2272       1.443363440150e-11 
 2273       1.442230742981e-11 
 2274       1.441176883659e-11 
 2275       1.440200446786e-11 
 2276       1.439300011422e-11 
 2277       1.438474151080e-11 
 2278       1.437721433719e-11 
 2279       1.437040421735e-11 
 2280       1.436429671960e-11 
 2281       1.435887735653e-11 
 2282       1.435413116359e-11 
 2283       1.435004143215e-11 
 2284       1.434659096822e-11 
 2285       1.434376251292e-11 
 2286       1.434153874248e-11 
 2287       1.433990226809e-11 
 2288       1.433883563589e-11 
 2289       1.433832132685e-11 
 2290       1.433834175674e-11 
 2291       1.433887927601e-11 
 2292       1.433991616978e-11 
 2293       1.434143465769e-11 
 2294       1.434341689389e-11 
 2295       1.434584496694e-11 
 2296       1.434870089975e-11 
 2297       1.435196664949e-11 
 2298       1.435562410753e-11 
 2299       1.435965509937e-11 
 2300       1.436404138454e-11 
 2301       1.436876465659e-11 
 2302       1.437380654293e-11 
 2303       1.437914860483e-11 
 2304       1.438477233733e-11 
 2305       1.439065916913e-11 
 2306       1.439679046257e-11 
 2307       1.440314751351e-11 
 2308       1.440971155131e-11 
 2309       1.441646373871e-11 
 2310       1.442338517176e-11 
 2311       1.443045687979e-11 
 2312       1.443765982530e-11 
 2313       1.444497490389e-11 
 2314       1.445238294420e-11 
 2315       1.445986470783e-11 
 2316       1.446740088927e-11 
 2317       1.447497211583e-11 
 2318       1.448255894756e-11 
 2319       1.449014187717e-11 
 2320       1.449770132999e-11 
 2321       1.450521896325e-11 
 2322       1.451268157317e-11 
 2323       1.452007721239e-11 
 2324       1.452739389278e-11 
 2325       1.453461958537e-11 
 2326       1.454174222032e-11 
 2327       1.454874968690e-11 
 2328       1.455562983342e-11 
 2329       1.456237046717e-11 
 2330       1.456895935443e-11 
 2331       1.457538422036e-11 
 2332       1.458163274903e-11 
 2333       1.458769258330e-11 
 2334       1.459355132483e-11 
 2335       1.459919653402e-11 
 2336       1.460461572996e-11 
 2337       1.460979639040e-11 
 2338       1.461472595168e-11 
 2339       1.461939180874e-11 
 2340       1.462378131500e-11 
 2341       1.462788178237e-11 
 2342       1.463168048121e-11 
 2343       1.463516464025e-11 
 2344       1.463832144657e-11 
 2345       1.464113804556e-11 
 2346       1.464360154085e-11 
 2347       1.464569899431e-11 
 2348       1.464741742596e-11 
 2349       1.464874381395e-11 
 2350       1.464966509452e-11 
 2351       1.465016816194e-11 
 2352       1.465023986849e-11 
 2353       1.464986702438e-11 
 2354       1.464903639776e-11 
 2355       1.464773471461e-11 
 2356       1.464594865875e-11 
 2357       1.464366487177e-11 
 2358       1.464086995301e-11 
 2359       1.463755045946e-11 
 2360       1.463369490227e-11 
 2361       1.462929974956e-11 
 2362       1.462436346073e-11 
 2363       1.461888449336e-11 
 2364       1.461286130320e-11 
 2365       1.460629234420e-11 
 2366       1.459917606846e-11 
 2367       1.459151092629e-11 
 2368       1.458329536615e-11 
 2369       1.457452783469e-11 
 2370       1.456520677673e-11 
 2371       1.455533063527e-11 
 2372       1.454489785147e-11 
 2373       1.453390686469e-11 
 2374       1.452235611243e-11 
 2375       1.451024403039e-11 
 2376       1.449756905243e-11 
 2377       1.448432961057e-11 
 2378       1.447052413501e-11 
 2379       1.445615105412e-11 
 2380       1.444120879444e-11 
 2381       1.442569578066e-11 
 2382       1.440961043566e-11 
 2383       1.439295118047e-11 
 2384       1.437571643429e-11 
 2385       1.435790461449e-11 
 2386       1.433951413659e-11 
 2387       1.432054341428e-11 
 2388       1.430099085941e-11 
 2389       1.428085488200e-11 
 2390       1.426013389022e-11 
 2391       1.423882629041e-11 
 2392       1.421693048705e-11 
 2393       1.419444488281e-11 
 2394       1.417136787848e-11 
 2395       1.414769787303e-11 
 2396       1.412343326359e-11 
 2397       1.409857244542e-11 
 2398       1.407311381197e-11 
 2399       1.404705726383e-11 
 2400       1.402040874597e-11 
 2401       1.399317573818e-11 
 2402       1.396536574868e-11 
 2403       1.393698631408e-11 
 2404       1.390804499946e-11 
 2405       1.387854939837e-11 
 2406       1.384850713287e-11 
 2407       1.381792585357e-11 
 2408       1.378681323965e-11 
 2409       1.375517699890e-11 
 2410       1.372302486772e-11 
 2411       1.369036461122e-11 
 2412       1.365720402315e-11 
 2413       1.362355092603e-11 
 2414       1.358941317112e-11 
 2415       1.355479863847e-11 
 2416       1.351971523695e-11 
 2417       1.348417090428e-11 
 2418       1.344817360704e-11 
 2419       1.341173134076e-11 
 2420       1.337485212988e-11 
 2421       1.333754402783e-11 
 2422       1.329981511702e-11 
 2423       1.326167350892e-11 
 2424       1.322312734404e-11 
 2425       1.318418479201e-11 
 2426       1.314485405157e-11 
 2427       1.310514335062e-11 
 2428       1.306506094624e-11 
 2429       1.302461512474e-11 
 2430       1.298381420167e-11 
 2431       1.294266652185e-11 
 2432       1.290118045945e-11 
 2433       1.285936441792e-11 
 2434       1.281722683013e-11 
 2435       1.277477615834e-11 
 2436       1.273202089422e-11 
 2437       1.268896955894e-11 
 2438       1.264563103079e-11 
 2439       1.260201553039e-11 
 2440       1.255813364151e-11 
 2441       1.251399598393e-11 
 2442       1.246961321355e-11 
 2443       1.242499602236e-11 
 2444       1.238015513852e-11 
 2445       1.233510132641e-11 
 2446       1.228984538660e-11 
 2447       1.224439815595e-11 
 2448       1.219877050765e-11 
 2449       1.215297335120e-11 
 2450       1.210701763250e-11 
 2451       1.206091433386e-11 
 2452       1.201467447406e-11 
 2453       1.196830910837e-11 
 2454       1.192182932858e-11 
 2455       1.187524626307e-11 
 2456       1.182857107681e-11 
 2457       1.178181497141e-11 
 2458       1.173498918517e-11 
 2459       1.168810499312e-11 
 2460       1.164117370702e-11 
 2461       1.159420667544e-11 
 2462       1.154721528378e-11 
 2463       1.150021095429e-11 
 2464       1.145320514615e-11 
 2465       1.140620935546e-11 
 2466       1.135923511532e-11 
 2467       1.131229399582e-11 
 2468       1.126539760413e-11 
 2469       1.121855758451e-11 
 2470       1.117178561832e-11 
 2471       1.112509342412e-11 
 2472       1.107849275765e-11 
 2473       1.103199541191e-11 
 2474       1.098561321715e-11 
 2475       1.093935804098e-11 
 2476       1.089324178831e-11 
 2477       1.084727559712e-11 
 2478       1.080146742016e-11 
 2479       1.075582442901e-11 
 2480       1.071035381713e-11 
 2481       1.066506279990e-11 
 2482       1.061995861463e-11 
 2483       1.057504852058e-11 
 2484       1.053033979902e-11 
 2485       1.048583975319e-11 
 2486       1.044155570836e-11 
 2487       1.039749501185e-11 
 2488       1.035366503304e-11 
 2489       1.031007316341e-11 
 2490       1.026672681652e-11 
 2491       1.022363342809e-11 
 2492       1.018080045597e-11 
 2493       1.013823538020e-11 
 2494       1.009594570301e-11 
 2495       1.005393894884e-11 
 2496       1.001222266438e-11 
 2497       9.970804418559e-12 
 2498       9.929691802610e-12 
 2499       9.888892430059e-12 
 2500       9.848413936755e-12 
 2501       9.808263980897e-12 
 2502       9.768450243050e-12 
 2503       9.728980426168e-12 
 2504       9.689862255616e-12 
 2505       9.651103479193e-12 
 2506       9.612711867149e-12 
 2507       9.574695212212e-12 
 2508       9.537061329608e-12 
 2509       9.499818057079e-12 
 2510       9.462973254910e-12 
 2511       9.426534805947e-12 
 2512       9.390510615619e-12 
 2513       9.354908611961e-12 
 2514       9.319736745635e-12 
 2515       9.285002989952e-12 
 2516       9.250714107990e-12 
 2517       9.216871946084e-12 
 2518       9.183477118806e-12 
 2519       9.150530239913e-12 
 2520       9.118031922339e-12 
 2521       9.085982778196e-12 
 2522       9.054383418770e-12 
 2523       9.023234454524e-12 
 2524       8.992536495090e-12 
 2525       8.962290149272e-12 
 2526       8.932496025042e-12 
 2527       8.903154729539e-12 
 2528       8.874266869066e-12 
 2529       8.845833049091e-12 
 2530       8.817853874241e-12 
 2531       8.790329948306e-12 
 2532       8.763261874229e-12 
 2533       8.736650254115e-12 
 2534       8.710495689218e-12 
 2535       8.684798779948e-12 
 2536       8.659560125865e-12 
 2537       8.634780325676e-12 
 2538       8.610459977239e-12 
 2539       8.586599677555e-12 
 2540       8.563200022768e-12 
 2541       8.540261608166e-12 
 2542       8.517785028175e-12 
 2543       8.495770876363e-12 
 2544       8.474219745430e-12 
 2545       8.453132227215e-12 
 2546       8.432508912686e-12 
 2547       8.412350391947e-12 
 2548       8.392657254227e-12 
 2549       8.373430087886e-12 
 2550       8.354669480408e-12 
 2551       8.336376018402e-12 
 2552       8.318550287601e-12 
 2553       8.301192872855e-12 
 2554       8.284304358137e-12 
 2555       8.267884271770e-12 
 2556       8.251927915535e-12 
 2557       8.236429517390e-12 
 2558       8.221383284560e-12 
 2559       8.206783403521e-12 
 2560       8.192624039973e-12 
 2561       8.178899338824e-12 
 2562       8.165603424166e-12 
 2563       8.152730399252e-12 
 2564       8.140274346482e-12 
 2565       8.128229327372e-12 
 2566       8.116589382542e-12 
 2567       8.105348531689e-12 
 2568       8.094500773566e-12 
 2569       8.084040085967e-12 
 2570       8.073960425697e-12 
 2571       8.064255728556e-12 
 2572       8.054919909320e-12 
 2573       8.045946861713e-12 
 2574       8.037330458392e-12 
 2575       8.029064550923e-12 
 2576       8.021142969761e-12 
 2577       8.013559524227e-12 
 2578       8.006308002489e-12 
 2579       7.999382171539e-12 
 2580       7.992775777175e-12 
 2581       7.986482543976e-12 
 2582       7.980496175282e-12 
 2583       7.974810353174e-12 
 2584       7.969418738454e-12 
 2585       7.964314970618e-12 
 2586       7.959492667843e-12 
 2587       7.954945426959e-12 
 2588       7.950666823432e-12 
 2589       7.946650411342e-12 
 2590       7.942889723358e-12 
 2591       7.939378270724e-12 
 2592       7.936109543233e-12 
 2593       7.933077009205e-12 
 2594       7.930278335259e-12 
 2595       7.927728071691e-12 
 2596       7.925445038662e-12 
 2597       7.923448112966e-12 
 2598       7.921756228085e-12 
 2599       7.920388374246e-12 
 2600       7.919363598466e-12 
