# dimensionless total [l(l+1)/2pi] C_l's
# for l=2 to 2600, i.e. number of multipoles equal to 2599
#
# -> if you prefer output in CAMB/HealPix/LensPix units/order, set 'format' to 'camb' in input file
# -> if you don't want to see such a header, set 'headers' to 'no' in input file
#
# 1:l     2:TT                 
    2       2.543726454766e-09 
    3       9.162742459602e-11 
    4       7.882435677309e-11 
    5       8.477731441677e-11 
    6       9.062133255552e-11 
    7       9.486907182289e-11 
    8       9.789289055389e-11 
    9       1.002001767121e-10 
   10       1.021239805802e-10 
   11       1.038754511827e-10 
   12       1.056109679091e-10 
   13       1.073357442946e-10 
   14       1.090476610099e-10 
   15       1.108215006870e-10 
   16       1.127016528498e-10 
   17       1.145737209054e-10 
   18       1.165005899450e-10 
   19       1.185030266973e-10 
   20       1.205186955139e-10 
   21       1.225651586049e-10 
   22       1.246559215038e-10 
   23       1.267818105242e-10 
   24       1.289104678898e-10 
   25       1.310560484464e-10 
   26       1.332340126824e-10 
   27       1.354525442237e-10 
   28       1.377004892634e-10 
   29       1.399538724795e-10 
   30       1.422208914593e-10 
   31       1.445114304411e-10 
   32       1.468268457404e-10 
   33       1.491698988787e-10 
   34       1.515362417046e-10 
   35       1.539160409879e-10 
   36       1.563128042871e-10 
   37       1.587295629400e-10 
   38       1.611629735129e-10 
   39       1.636069385032e-10 
   40       1.660666918905e-10 
   41       1.685483201242e-10 
   42       1.710544618259e-10 
   43       1.735854486804e-10 
   44       1.761440708955e-10 
   45       1.787316446676e-10 
   46       1.813463312732e-10 
   47       1.839828468699e-10 
   48       1.866350038278e-10 
   49       1.893048589644e-10 
   50       1.919956454904e-10 
   51       1.947090244849e-10 
   52       1.974449391615e-10 
   53       2.002026875269e-10 
   54       2.029847996357e-10 
   55       2.057939033519e-10 
   56       2.086315007103e-10 
   57       2.114978732692e-10 
   58       2.143919874626e-10 
   59       2.173123523799e-10 
   60       2.202600406855e-10 
   61       2.232362032172e-10 
   62       2.262411171548e-10 
   63       2.292741236581e-10 
   64       2.323335655049e-10 
   65       2.354177380035e-10 
   66       2.385281158726e-10 
   67       2.416667003002e-10 
   68       2.448350325897e-10 
   69       2.480341601412e-10 
   70       2.512646024332e-10 
   71       2.545263170039e-10 
   72       2.578190908046e-10 
   73       2.611438768236e-10 
   74       2.645016537450e-10 
   75       2.678929994165e-10 
   76       2.713180665419e-10 
   77       2.747765583753e-10 
   78       2.782677044134e-10 
   79       2.817902360891e-10 
   80       2.853429178776e-10 
   81       2.889263003110e-10 
   82       2.925412284555e-10 
   83       2.961882997334e-10 
   84       2.998678499021e-10 
   85       3.035799390325e-10 
   86       3.073243374875e-10 
   87       3.111005119008e-10 
   88       3.149076111554e-10 
   89       3.187448027402e-10 
   90       3.226123728513e-10 
   91       3.265107738307e-10 
   92       3.304402805008e-10 
   93       3.344009813919e-10 
   94       3.383927699703e-10 
   95       3.424153358660e-10 
   96       3.464681561000e-10 
   97       3.505504863127e-10 
   98       3.546613519908e-10 
   99       3.587997956708e-10 
  100       3.629656774598e-10 
  101       3.671589721327e-10 
  102       3.713795176747e-10 
  103       3.756270096121e-10 
  104       3.799009953422e-10 
  105       3.842008684645e-10 
  106       3.885258631105e-10 
  107       3.928750482745e-10 
  108       3.972473221438e-10 
  109       4.016414064295e-10 
  110       4.060560699262e-10 
  111       4.104908438747e-10 
  112       4.149453879657e-10 
  113       4.194192659172e-10 
  114       4.239119420572e-10 
  115       4.284227779073e-10 
  116       4.329510287660e-10 
  117       4.374958402921e-10 
  118       4.420562450877e-10 
  119       4.466311592820e-10 
  120       4.512193791142e-10 
  121       4.558195775169e-10 
  122       4.604303006996e-10 
  123       4.650501394821e-10 
  124       4.696782728593e-10 
  125       4.743139807339e-10 
  126       4.789564727385e-10 
  127       4.836048861944e-10 
  128       4.882582840690e-10 
  129       4.929156529348e-10 
  130       4.975759009269e-10 
  131       5.022378557019e-10 
  132       5.069002623958e-10 
  133       5.115617815820e-10 
  134       5.162209872300e-10 
  135       5.208763646632e-10 
  136       5.255263085175e-10 
  137       5.301692646540e-10 
  138       5.348041767945e-10 
  139       5.394300824473e-10 
  140       5.440459719819e-10 
  141       5.486507875009e-10 
  142       5.532434217119e-10 
  143       5.578227167993e-10 
  144       5.623874632965e-10 
  145       5.669363989577e-10 
  146       5.714682076297e-10 
  147       5.759815181240e-10 
  148       5.804749030886e-10 
  149       5.849468778802e-10 
  150       5.893958994359e-10 
  151       5.938203651450e-10 
  152       5.982186117213e-10 
  153       6.025890366997e-10 
  154       6.069304780070e-10 
  155       6.112418676807e-10 
  156       6.155221119154e-10 
  157       6.197700905589e-10 
  158       6.239846566092e-10 
  159       6.281646357102e-10 
  160       6.323088256489e-10 
  161       6.364159958515e-10 
  162       6.404848868796e-10 
  163       6.445142099272e-10 
  164       6.485026463169e-10 
  165       6.524488469962e-10 
  166       6.563514320341e-10 
  167       6.602089901177e-10 
  168       6.640200780483e-10 
  169       6.677832202383e-10 
  170       6.714969082072e-10 
  171       6.751596996045e-10 
  172       6.787705255971e-10 
  173       6.823284082667e-10 
  174       6.858323632933e-10 
  175       6.892813998589e-10 
  176       6.926745205487e-10 
  177       6.960107212546e-10 
  178       6.992889910774e-10 
  179       7.025083122290e-10 
  180       7.056676599353e-10 
  181       7.087660023389e-10 
  182       7.118023004009e-10 
  183       7.147755078041e-10 
  184       7.176845708553e-10 
  185       7.205284283876e-10 
  186       7.233060116632e-10 
  187       7.260162442760e-10 
  188       7.286580420535e-10 
  189       7.312303129603e-10 
  190       7.337319569996e-10 
  191       7.361619399103e-10 
  192       7.385195206324e-10 
  193       7.408040407549e-10 
  194       7.430148523988e-10 
  195       7.451513183615e-10 
  196       7.472128122606e-10 
  197       7.491987186778e-10 
  198       7.511084333033e-10 
  199       7.529413630792e-10 
  200       7.546969263440e-10 
  201       7.563745529763e-10 
  202       7.579736845389e-10 
  203       7.594937744228e-10 
  204       7.609342879911e-10 
  205       7.622947027230e-10 
  206       7.635745083580e-10 
  207       7.647732070395e-10 
  208       7.658903134593e-10 
  209       7.669253550009e-10 
  210       7.678778718843e-10 
  211       7.687474173093e-10 
  212       7.695335576000e-10 
  213       7.702359120902e-10 
  214       7.708542754781e-10 
  215       7.713885040168e-10 
  216       7.718384767615e-10 
  217       7.722040958183e-10 
  218       7.724852865934e-10 
  219       7.726819980407e-10 
  220       7.727942029114e-10 
  221       7.728218980018e-10 
  222       7.727651044027e-10 
  223       7.726238677473e-10 
  224       7.723982584601e-10 
  225       7.720883720059e-10 
  226       7.716943291375e-10 
  227       7.712162761454e-10 
  228       7.706543851055e-10 
  229       7.700088541282e-10 
  230       7.692799076071e-10 
  231       7.684677964671e-10 
  232       7.675727984136e-10 
  233       7.665952181807e-10 
  234       7.655353877799e-10 
  235       7.643936667491e-10 
  236       7.631704424006e-10 
  237       7.618661300701e-10 
  238       7.604811688325e-10 
  239       7.590160078482e-10 
  240       7.574711196715e-10 
  241       7.558470049473e-10 
  242       7.541441926495e-10 
  243       7.523632403204e-10 
  244       7.505047343099e-10 
  245       7.485692900140e-10 
  246       7.465575521145e-10 
  247       7.444701948176e-10 
  248       7.423079220931e-10 
  249       7.400714679135e-10 
  250       7.377615964930e-10 
  251       7.353791025266e-10 
  252       7.329248114289e-10 
  253       7.303995795738e-10 
  254       7.278042945326e-10 
  255       7.251398753139e-10 
  256       7.224072726022e-10 
  257       7.196074689973e-10 
  258       7.167414792526e-10 
  259       7.138103505153e-10 
  260       7.108151625644e-10 
  261       7.077570280504e-10 
  262       7.046370927341e-10 
  263       7.014565357255e-10 
  264       6.982165697233e-10 
  265       6.949184412536e-10 
  266       6.915633734176e-10 
  267       6.881523901979e-10 
  268       6.846864830770e-10 
  269       6.811666678106e-10 
  270       6.775939845695e-10 
  271       6.739694980817e-10 
  272       6.702942977744e-10 
  273       6.665694979156e-10 
  274       6.627962377563e-10 
  275       6.589756816720e-10 
  276       6.551090193054e-10 
  277       6.511974657073e-10 
  278       6.472422614794e-10 
  279       6.432446729158e-10 
  280       6.392059921447e-10 
  281       6.351275372709e-10 
  282       6.310106525171e-10 
  283       6.268567083664e-10 
  284       6.226671017038e-10 
  285       6.184432559580e-10 
  286       6.141866212439e-10 
  287       6.098986745040e-10 
  288       6.055809196504e-10 
  289       6.012348877068e-10 
  290       5.968621369507e-10 
  291       5.924642530545e-10 
  292       5.880428492283e-10 
  293       5.835995663614e-10 
  294       5.791360731642e-10 
  295       5.746540663100e-10 
  296       5.701552705774e-10 
  297       5.656413346900e-10 
  298       5.611135129346e-10 
  299       5.565729683114e-10 
  300       5.520208754382e-10 
  301       5.474584205512e-10 
  302       5.428868015056e-10 
  303       5.383072277757e-10 
  304       5.337209204556e-10 
  305       5.291291122598e-10 
  306       5.245330475237e-10 
  307       5.199339822037e-10 
  308       5.153331838782e-10 
  309       5.107319317479e-10 
  310       5.061315166364e-10 
  311       5.015332409902e-10 
  312       4.969384188799e-10 
  313       4.923483760004e-10 
  314       4.877644496713e-10 
  315       4.831879888374e-10 
  316       4.786203540693e-10 
  317       4.740629175641e-10 
  318       4.695170631454e-10 
  319       4.649841862642e-10 
  320       4.604656939992e-10 
  321       4.559630050574e-10 
  322       4.514775497746e-10 
  323       4.470107701157e-10 
  324       4.425641196756e-10 
  325       4.381390636793e-10 
  326       4.337370789826e-10 
  327       4.293596540724e-10 
  328       4.250082890676e-10 
  329       4.206844957192e-10 
  330       4.163897974109e-10 
  331       4.121257291597e-10 
  332       4.078937193470e-10 
  333       4.036947292113e-10 
  334       3.995295976247e-10 
  335       3.953991578153e-10 
  336       3.913042372399e-10 
  337       3.872456574558e-10 
  338       3.832242339929e-10 
  339       3.792407762260e-10 
  340       3.752960872470e-10 
  341       3.713909637366e-10 
  342       3.675261958370e-10 
  343       3.637025670234e-10 
  344       3.599208539767e-10 
  345       3.561818264554e-10 
  346       3.524862471674e-10 
  347       3.488348716428e-10 
  348       3.452284481054e-10 
  349       3.416677173452e-10 
  350       3.381534125903e-10 
  351       3.346862593793e-10 
  352       3.312669754330e-10 
  353       3.278962705271e-10 
  354       3.245748463637e-10 
  355       3.213033964439e-10 
  356       3.180826059397e-10 
  357       3.149131515662e-10 
  358       3.117957014538e-10 
  359       3.087309150200e-10 
  360       3.057194428419e-10 
  361       3.027619265281e-10 
  362       2.998589985912e-10 
  363       2.970112823192e-10 
  364       2.942193916483e-10 
  365       2.914839310348e-10 
  366       2.888054953270e-10 
  367       2.861846696378e-10 
  368       2.836220292165e-10 
  369       2.811181393207e-10 
  370       2.786735550891e-10 
  371       2.762887604903e-10 
  372       2.739639827996e-10 
  373       2.716993706176e-10 
  374       2.694950539576e-10 
  375       2.673511440651e-10 
  376       2.652677332366e-10 
  377       2.632448946391e-10 
  378       2.612826821290e-10 
  379       2.593811300712e-10 
  380       2.575402531585e-10 
  381       2.557600462308e-10 
  382       2.540404840938e-10 
  383       2.523815213386e-10 
  384       2.507830921607e-10 
  385       2.492451101792e-10 
  386       2.477674682556e-10 
  387       2.463500383138e-10 
  388       2.449926711581e-10 
  389       2.436951962935e-10 
  390       2.424574217440e-10 
  391       2.412791338722e-10 
  392       2.401600971983e-10 
  393       2.391000542191e-10 
  394       2.380987252278e-10 
  395       2.371558081322e-10 
  396       2.362709782745e-10 
  397       2.354438882505e-10 
  398       2.346741677282e-10 
  399       2.339614232676e-10 
  400       2.333052381394e-10 
  401       2.327051721443e-10 
  402       2.321607614323e-10 
  403       2.316715183216e-10 
  404       2.312369311178e-10 
  405       2.308564639332e-10 
  406       2.305295565060e-10 
  407       2.302556240192e-10 
  408       2.300340569199e-10 
  409       2.298642207384e-10 
  410       2.297454965409e-10 
  411       2.296774042348e-10 
  412       2.296594832754e-10 
  413       2.296912522754e-10 
  414       2.297722088530e-10 
  415       2.299018294802e-10 
  416       2.300795693305e-10 
  417       2.303048621272e-10 
  418       2.305771199919e-10 
  419       2.308957332917e-10 
  420       2.312600704880e-10 
  421       2.316694779845e-10 
  422       2.321232799748e-10 
  423       2.326207782912e-10 
  424       2.331612522523e-10 
  425       2.337439585112e-10 
  426       2.343681309036e-10 
  427       2.350329802959e-10 
  428       2.357376944335e-10 
  429       2.364814377885e-10 
  430       2.372633514079e-10 
  431       2.380825527620e-10 
  432       2.389381355920e-10 
  433       2.398291697585e-10 
  434       2.407547010895e-10 
  435       2.417137512283e-10 
  436       2.427053174816e-10 
  437       2.437283726680e-10 
  438       2.447818649656e-10 
  439       2.458647177603e-10 
  440       2.469758294939e-10 
  441       2.481140735122e-10 
  442       2.492782979128e-10 
  443       2.504673253939e-10 
  444       2.516799531015e-10 
  445       2.529149524782e-10 
  446       2.541710691108e-10 
  447       2.554470225788e-10 
  448       2.567415063021e-10 
  449       2.580533090313e-10 
  450       2.593816839555e-10 
  451       2.607259912437e-10 
  452       2.620855774026e-10 
  453       2.634597751978e-10 
  454       2.648479035734e-10 
  455       2.662492675727e-10 
  456       2.676631582583e-10 
  457       2.690888526329e-10 
  458       2.705256135590e-10 
  459       2.719726896799e-10 
  460       2.734293153392e-10 
  461       2.748947105021e-10 
  462       2.763680806751e-10 
  463       2.778486168263e-10 
  464       2.793354953062e-10 
  465       2.808278777676e-10 
  466       2.823249110862e-10 
  467       2.838257272807e-10 
  468       2.853294434334e-10 
  469       2.868351616102e-10 
  470       2.883419687814e-10 
  471       2.898489367415e-10 
  472       2.913551220301e-10 
  473       2.928595658515e-10 
  474       2.943612939960e-10 
  475       2.958593167592e-10 
  476       2.973526288632e-10 
  477       2.988402093764e-10 
  478       3.003210216339e-10 
  479       3.017940131583e-10 
  480       3.032581155794e-10 
  481       3.047122445547e-10 
  482       3.061552996902e-10 
  483       3.075861644600e-10 
  484       3.090037061273e-10 
  485       3.104067756643e-10 
  486       3.117942076727e-10 
  487       3.131648203040e-10 
  488       3.145175588852e-10 
  489       3.158519316671e-10 
  490       3.171675869061e-10 
  491       3.184641703261e-10 
  492       3.197413251105e-10 
  493       3.209986918955e-10 
  494       3.222359087624e-10 
  495       3.234526112298e-10 
  496       3.246484322469e-10 
  497       3.258230021857e-10 
  498       3.269759488337e-10 
  499       3.281068973863e-10 
  500       3.292154704396e-10 
  501       3.303012879833e-10 
  502       3.313639673924e-10 
  503       3.324031234209e-10 
  504       3.334183681934e-10 
  505       3.344093111985e-10 
  506       3.353755592810e-10 
  507       3.363167166343e-10 
  508       3.372323847936e-10 
  509       3.381221626279e-10 
  510       3.389856463330e-10 
  511       3.398224294239e-10 
  512       3.406321027274e-10 
  513       3.414142543749e-10 
  514       3.421684697946e-10 
  515       3.428943317046e-10 
  516       3.435914201051e-10 
  517       3.442593122711e-10 
  518       3.448975827453e-10 
  519       3.455058033302e-10 
  520       3.460835430809e-10 
  521       3.466303682979e-10 
  522       3.471458425196e-10 
  523       3.476295265145e-10 
  524       3.480809782746e-10 
  525       3.484997530071e-10 
  526       3.488854031276e-10 
  527       3.492375755422e-10 
  528       3.495563064619e-10 
  529       3.498417347148e-10 
  530       3.500940052280e-10 
  531       3.503132690614e-10 
  532       3.504996834431e-10 
  533       3.506534118032e-10 
  534       3.507746238088e-10 
  535       3.508634953983e-10 
  536       3.509202088161e-10 
  537       3.509449526475e-10 
  538       3.509379218523e-10 
  539       3.508993178004e-10 
  540       3.508293483057e-10 
  541       3.507282276610e-10 
  542       3.505961766722e-10 
  543       3.504334226932e-10 
  544       3.502401996605e-10 
  545       3.500167481273e-10 
  546       3.497633152984e-10 
  547       3.494801550648e-10 
  548       3.491675280381e-10 
  549       3.488257015851e-10 
  550       3.484549498624e-10 
  551       3.480555538507e-10 
  552       3.476278013899e-10 
  553       3.471719872132e-10 
  554       3.466884129816e-10 
  555       3.461773873190e-10 
  556       3.456392258460e-10 
  557       3.450742512152e-10 
  558       3.444827931451e-10 
  559       3.438651884552e-10 
  560       3.432217811002e-10 
  561       3.425529222047e-10 
  562       3.418589700977e-10 
  563       3.411402903472e-10 
  564       3.403972557949e-10 
  565       3.396302465902e-10 
  566       3.388396628136e-10 
  567       3.380259626300e-10 
  568       3.371896251850e-10 
  569       3.363311381447e-10 
  570       3.354509977346e-10 
  571       3.345497087795e-10 
  572       3.336277847421e-10 
  573       3.326857477628e-10 
  574       3.317241286987e-10 
  575       3.307434671629e-10 
  576       3.297443115638e-10 
  577       3.287272191442e-10 
  578       3.276927560210e-10 
  579       3.266414972239e-10 
  580       3.255740267350e-10 
  581       3.244909375280e-10 
  582       3.233928316074e-10 
  583       3.222803200479e-10 
  584       3.211540230335e-10 
  585       3.200145698969e-10 
  586       3.188625991587e-10 
  587       3.176987585665e-10 
  588       3.165237051346e-10 
  589       3.153381051827e-10 
  590       3.141426343757e-10 
  591       3.129379777626e-10 
  592       3.117248298158e-10 
  593       3.105038944707e-10 
  594       3.092758851643e-10 
  595       3.080415248752e-10 
  596       3.068015461624e-10 
  597       3.055566912046e-10 
  598       3.043077118398e-10 
  599       3.030553696041e-10 
  600       3.018004357712e-10 
  601       3.005436913917e-10 
  602       2.992859273322e-10 
  603       2.980279443149e-10 
  604       2.967705529563e-10 
  605       2.955145115869e-10 
  606       2.942603379839e-10 
  607       2.930084931825e-10 
  608       2.917594433046e-10 
  609       2.905136595778e-10 
  610       2.892716183540e-10 
  611       2.880338011285e-10 
  612       2.868006945591e-10 
  613       2.855727904844e-10 
  614       2.843505859435e-10 
  615       2.831345831941e-10 
  616       2.819252897320e-10 
  617       2.807232183097e-10 
  618       2.795288869552e-10 
  619       2.783428189914e-10 
  620       2.771655430543e-10 
  621       2.759975931126e-10 
  622       2.748395084859e-10 
  623       2.736918338642e-10 
  624       2.725551193265e-10 
  625       2.714299203596e-10 
  626       2.703167978774e-10 
  627       2.692163182393e-10 
  628       2.681290532695e-10 
  629       2.670555802757e-10 
  630       2.659964820678e-10 
  631       2.649523469775e-10 
  632       2.639237688763e-10 
  633       2.629113471951e-10 
  634       2.619156869426e-10 
  635       2.609373987245e-10 
  636       2.599770987625e-10 
  637       2.590354089128e-10 
  638       2.581129566852e-10 
  639       2.572103752622e-10 
  640       2.563283035176e-10 
  641       2.554673860354e-10 
  642       2.546282731290e-10 
  643       2.538116208597e-10 
  644       2.530180024021e-10 
  645       2.522476398981e-10 
  646       2.515006665721e-10 
  647       2.507772148284e-10 
  648       2.500774162447e-10 
  649       2.494014015655e-10 
  650       2.487493006951e-10 
  651       2.481212426910e-10 
  652       2.475173557573e-10 
  653       2.469377672380e-10 
  654       2.463826036100e-10 
  655       2.458519904767e-10 
  656       2.453460525611e-10 
  657       2.448649136992e-10 
  658       2.444086968332e-10 
  659       2.439775240049e-10 
  660       2.435715163487e-10 
  661       2.431907940854e-10 
  662       2.428354765148e-10 
  663       2.425056820098e-10 
  664       2.422015280090e-10 
  665       2.419231310101e-10 
  666       2.416706065637e-10 
  667       2.414440692658e-10 
  668       2.412436327519e-10 
  669       2.410694096895e-10 
  670       2.409215117721e-10 
  671       2.408000497120e-10 
  672       2.407051332337e-10 
  673       2.406368710672e-10 
  674       2.405953709414e-10 
  675       2.405807395775e-10 
  676       2.405930826816e-10 
  677       2.406325049389e-10 
  678       2.406991100063e-10 
  679       2.407930005062e-10 
  680       2.409142780192e-10 
  681       2.410630430780e-10 
  682       2.412393951602e-10 
  683       2.414433732777e-10 
  684       2.416747763652e-10 
  685       2.419333390442e-10 
  686       2.422187906586e-10 
  687       2.425308552520e-10 
  688       2.428692515463e-10 
  689       2.432336929196e-10 
  690       2.436238873841e-10 
  691       2.440395375641e-10 
  692       2.444803406742e-10 
  693       2.449459884973e-10 
  694       2.454361673625e-10 
  695       2.459505581233e-10 
  696       2.464888361355e-10 
  697       2.470506712351e-10 
  698       2.476357277166e-10 
  699       2.482436643111e-10 
  700       2.488741341638e-10 
  701       2.495267848126e-10 
  702       2.502012581659e-10 
  703       2.508971904804e-10 
  704       2.516142123396e-10 
  705       2.523519486314e-10 
  706       2.531100185264e-10 
  707       2.538880354559e-10 
  708       2.546856070897e-10 
  709       2.555023353143e-10 
  710       2.563378162111e-10 
  711       2.571916400339e-10 
  712       2.580633911877e-10 
  713       2.589526482060e-10 
  714       2.598589837291e-10 
  715       2.607819644822e-10 
  716       2.617211512536e-10 
  717       2.626760988723e-10 
  718       2.636463561860e-10 
  719       2.646314660399e-10 
  720       2.656309652537e-10 
  721       2.666443846004e-10 
  722       2.676712509529e-10 
  723       2.687110938169e-10 
  724       2.697634388868e-10 
  725       2.708278058670e-10 
  726       2.719037084501e-10 
  727       2.729906542961e-10 
  728       2.740881450106e-10 
  729       2.751956761232e-10 
  730       2.763127370660e-10 
  731       2.774388111526e-10 
  732       2.785733755561e-10 
  733       2.797159012878e-10 
  734       2.808658531758e-10 
  735       2.820226898435e-10 
  736       2.831858636882e-10 
  737       2.843548208592e-10 
  738       2.855290012370e-10 
  739       2.867078384112e-10 
  740       2.878907596596e-10 
  741       2.890771859261e-10 
  742       2.902665317998e-10 
  743       2.914582054932e-10 
  744       2.926516088209e-10 
  745       2.938461371777e-10 
  746       2.950411795179e-10 
  747       2.962361183331e-10 
  748       2.974303296311e-10 
  749       2.986231829143e-10 
  750       2.998140411584e-10 
  751       3.010022607905e-10 
  752       3.021871916683e-10 
  753       3.033681770579e-10 
  754       3.045445536127e-10 
  755       3.057156513522e-10 
  756       3.068807936399e-10 
  757       3.080392971622e-10 
  758       3.091904719070e-10 
  759       3.103336211420e-10 
  760       3.114680413932e-10 
  761       3.125930793949e-10 
  762       3.137083041787e-10 
  763       3.148133382405e-10 
  764       3.159078008588e-10 
  765       3.169913080849e-10 
  766       3.180634727332e-10 
  767       3.191239043714e-10 
  768       3.201722093109e-10 
  769       3.212079905975e-10 
  770       3.222308480009e-10 
  771       3.232403780058e-10 
  772       3.242361738018e-10 
  773       3.252178252739e-10 
  774       3.261849189924e-10 
  775       3.271370382040e-10 
  776       3.280737628213e-10 
  777       3.289946694137e-10 
  778       3.298993311974e-10 
  779       3.307873180257e-10 
  780       3.316581963795e-10 
  781       3.325115293577e-10 
  782       3.333468766671e-10 
  783       3.341637946130e-10 
  784       3.349618360897e-10 
  785       3.357405505704e-10 
  786       3.364994840976e-10 
  787       3.372381792739e-10 
  788       3.379561752515e-10 
  789       3.386530077234e-10 
  790       3.393282089128e-10 
  791       3.399813075643e-10 
  792       3.406118289336e-10 
  793       3.412192947781e-10 
  794       3.418032233470e-10 
  795       3.423631293718e-10 
  796       3.428985240568e-10 
  797       3.434089150688e-10 
  798       3.438938065280e-10 
  799       3.443526989982e-10 
  800       3.447851635699e-10 
  801       3.451910656123e-10 
  802       3.455703450836e-10 
  803       3.459229428116e-10 
  804       3.462488004982e-10 
  805       3.465478607235e-10 
  806       3.468200669498e-10 
  807       3.470653635261e-10 
  808       3.472836956920e-10 
  809       3.474750095822e-10 
  810       3.476392522305e-10 
  811       3.477763715737e-10 
  812       3.478863164566e-10 
  813       3.479690366352e-10 
  814       3.480244827817e-10 
  815       3.480526064882e-10 
  816       3.480533602713e-10 
  817       3.480266975757e-10 
  818       3.479725727791e-10 
  819       3.478909411957e-10 
  820       3.477817590810e-10 
  821       3.476449836355e-10 
  822       3.474805730093e-10 
  823       3.472884863059e-10 
  824       3.470686835867e-10 
  825       3.468211258751e-10 
  826       3.465457751606e-10 
  827       3.462425944030e-10 
  828       3.459115475369e-10 
  829       3.455525994753e-10 
  830       3.451657161143e-10 
  831       3.447508643372e-10 
  832       3.443080120185e-10 
  833       3.438371280281e-10 
  834       3.433381822358e-10 
  835       3.428111455152e-10 
  836       3.422559897479e-10 
  837       3.416726878278e-10 
  838       3.410612136653e-10 
  839       3.404215907864e-10 
  840       3.397540390486e-10 
  841       3.390588304857e-10 
  842       3.383362409563e-10 
  843       3.375865501567e-10 
  844       3.368100416327e-10 
  845       3.360070027929e-10 
  846       3.351777249204e-10 
  847       3.343225031857e-10 
  848       3.334416366590e-10 
  849       3.325354283229e-10 
  850       3.316041850845e-10 
  851       3.306482177881e-10 
  852       3.296678412275e-10 
  853       3.286633741588e-10 
  854       3.276351393125e-10 
  855       3.265834634061e-10 
  856       3.255086771566e-10 
  857       3.244111152930e-10 
  858       3.232911165685e-10 
  859       3.221490237735e-10 
  860       3.209851837474e-10 
  861       3.197999473916e-10 
  862       3.185936696816e-10 
  863       3.173667096797e-10 
  864       3.161194305476e-10 
  865       3.148521995582e-10 
  866       3.135653881089e-10 
  867       3.122593717335e-10 
  868       3.109345301150e-10 
  869       3.095912470977e-10 
  870       3.082299107001e-10 
  871       3.068509131270e-10 
  872       3.054546507821e-10 
  873       3.040415242806e-10 
  874       3.026119384614e-10 
  875       3.011663023997e-10 
  876       2.997050294196e-10 
  877       2.982285371064e-10 
  878       2.967372460771e-10 
  879       2.952315762454e-10 
  880       2.937119505193e-10 
  881       2.921787960498e-10 
  882       2.906325442431e-10 
  883       2.890736307729e-10 
  884       2.875024955926e-10 
  885       2.859195829476e-10 
  886       2.843253413876e-10 
  887       2.827202237791e-10 
  888       2.811046873170e-10 
  889       2.794791935376e-10 
  890       2.778442083306e-10 
  891       2.762002019511e-10 
  892       2.745476490324e-10 
  893       2.728870285978e-10 
  894       2.712188240732e-10 
  895       2.695435232992e-10 
  896       2.678616185432e-10 
  897       2.661736065123e-10 
  898       2.644799883647e-10 
  899       2.627812697227e-10 
  900       2.610779606847e-10 
  901       2.593705758373e-10 
  902       2.576596342679e-10 
  903       2.559456595766e-10 
  904       2.542291798890e-10 
  905       2.525107278679e-10 
  906       2.507908407258e-10 
  907       2.490700602374e-10 
  908       2.473489327516e-10 
  909       2.456280092037e-10 
  910       2.439078451280e-10 
  911       2.421890006697e-10 
  912       2.404720405974e-10 
  913       2.387575343156e-10 
  914       2.370460558763e-10 
  915       2.353381839918e-10 
  916       2.336345020470e-10 
  917       2.319355534557e-10 
  918       2.302417069263e-10 
  919       2.285532890756e-10 
  920       2.268706288950e-10 
  921       2.251940577574e-10 
  922       2.235239094225e-10 
  923       2.218605200426e-10 
  924       2.202042281691e-10 
  925       2.185553747578e-10 
  926       2.169143031754e-10 
  927       2.152813592046e-10 
  928       2.136568910508e-10 
  929       2.120412493477e-10 
  930       2.104347871631e-10 
  931       2.088378600047e-10 
  932       2.072508258266e-10 
  933       2.056740450345e-10 
  934       2.041078804920e-10 
  935       2.025526975266e-10 
  936       2.010088639350e-10 
  937       1.994767499899e-10 
  938       1.979567284451e-10 
  939       1.964491745419e-10 
  940       1.949544660149e-10 
  941       1.934729830977e-10 
  942       1.920051085290e-10 
  943       1.905512275586e-10 
  944       1.891117279530e-10 
  945       1.876870000015e-10 
  946       1.862774365223e-10 
  947       1.848834328679e-10 
  948       1.835053869315e-10 
  949       1.821436991525e-10 
  950       1.807987725229e-10 
  951       1.794710125927e-10 
  952       1.781608274760e-10 
  953       1.768686278571e-10 
  954       1.755948269961e-10 
  955       1.743398407350e-10 
  956       1.731040286829e-10 
  957       1.718875167765e-10 
  958       1.706903720205e-10 
  959       1.695126610612e-10 
  960       1.683544501844e-10 
  961       1.672158053134e-10 
  962       1.660967920076e-10 
  963       1.649974754605e-10 
  964       1.639179204979e-10 
  965       1.628581915758e-10 
  966       1.618183527793e-10 
  967       1.607984678200e-10 
  968       1.597986000347e-10 
  969       1.588188123835e-10 
  970       1.578591674478e-10 
  971       1.569197274288e-10 
  972       1.560005541453e-10 
  973       1.551017090322e-10 
  974       1.542232531387e-10 
  975       1.533652471261e-10 
  976       1.525277512667e-10 
  977       1.517108254412e-10 
  978       1.509145291374e-10 
  979       1.501389214483e-10 
  980       1.493840610701e-10 
  981       1.486500063007e-10 
  982       1.479368150376e-10 
  983       1.472445447763e-10 
  984       1.465732526083e-10 
  985       1.459229952195e-10 
  986       1.452938288883e-10 
  987       1.446858094835e-10 
  988       1.440989924633e-10 
  989       1.435334328724e-10 
  990       1.429891853411e-10 
  991       1.424663040831e-10 
  992       1.419648428935e-10 
  993       1.414848551476e-10 
  994       1.410263937984e-10 
  995       1.405894715797e-10 
  996       1.401739409778e-10 
  997       1.397796124938e-10 
  998       1.394062942735e-10 
  999       1.390537920999e-10 
 1000       1.387219093872e-10 
 1001       1.384104471739e-10 
 1002       1.381192041164e-10 
 1003       1.378479764819e-10 
 1004       1.375965581423e-10 
 1005       1.373647405674e-10 
 1006       1.371523128180e-10 
 1007       1.369590615397e-10 
 1008       1.367847709561e-10 
 1009       1.366292228618e-10 
 1010       1.364921966166e-10 
 1011       1.363734691380e-10 
 1012       1.362728148951e-10 
 1013       1.361900059019e-10 
 1014       1.361248117105e-10 
 1015       1.360769994046e-10 
 1016       1.360463335929e-10 
 1017       1.360325764023e-10 
 1018       1.360354874716e-10 
 1019       1.360548239444e-10 
 1020       1.360903404629e-10 
 1021       1.361417891612e-10 
 1022       1.362089196583e-10 
 1023       1.362914790519e-10 
 1024       1.363892119118e-10 
 1025       1.365018602728e-10 
 1026       1.366291636285e-10 
 1027       1.367708589246e-10 
 1028       1.369266805521e-10 
 1029       1.370963603410e-10 
 1030       1.372796275531e-10 
 1031       1.374762088760e-10 
 1032       1.376858284162e-10 
 1033       1.379082076923e-10 
 1034       1.381430633763e-10 
 1035       1.383901004949e-10 
 1036       1.386490191187e-10 
 1037       1.389195165991e-10 
 1038       1.392012875617e-10 
 1039       1.394940238990e-10 
 1040       1.397974147637e-10 
 1041       1.401111465621e-10 
 1042       1.404349029466e-10 
 1043       1.407683648094e-10 
 1044       1.411112102752e-10 
 1045       1.414631146946e-10 
 1046       1.418237506373e-10 
 1047       1.421927878848e-10 
 1048       1.425698934238e-10 
 1049       1.429547314393e-10 
 1050       1.433469633079e-10 
 1051       1.437462475905e-10 
 1052       1.441522400257e-10 
 1053       1.445645935229e-10 
 1054       1.449829581553e-10 
 1055       1.454069811532e-10 
 1056       1.458363068970e-10 
 1057       1.462705769103e-10 
 1058       1.467094298531e-10 
 1059       1.471525015149e-10 
 1060       1.475994248078e-10 
 1061       1.480498297596e-10 
 1062       1.485033435068e-10 
 1063       1.489595902882e-10 
 1064       1.494181914374e-10 
 1065       1.498787653762e-10 
 1066       1.503409276080e-10 
 1067       1.508042907102e-10 
 1068       1.512684643281e-10 
 1069       1.517330551677e-10 
 1070       1.521976669885e-10 
 1071       1.526619005971e-10 
 1072       1.531253538403e-10 
 1073       1.535876522447e-10 
 1074       1.540485414084e-10 
 1075       1.545077958541e-10 
 1076       1.549651884923e-10 
 1077       1.554204906178e-10 
 1078       1.558734719060e-10 
 1079       1.563239004093e-10 
 1080       1.567715425532e-10 
 1081       1.572161631327e-10 
 1082       1.576575253085e-10 
 1083       1.580953906039e-10 
 1084       1.585295189000e-10 
 1085       1.589596684332e-10 
 1086       1.593855957906e-10 
 1087       1.598070559069e-10 
 1088       1.602238020605e-10 
 1089       1.606355858696e-10 
 1090       1.610421572888e-10 
 1091       1.614432646055e-10 
 1092       1.618386544358e-10 
 1093       1.622280717211e-10 
 1094       1.626112597244e-10 
 1095       1.629879600267e-10 
 1096       1.633579125228e-10 
 1097       1.637208554183e-10 
 1098       1.640765252255e-10 
 1099       1.644246567599e-10 
 1100       1.647649831362e-10 
 1101       1.650972357651e-10 
 1102       1.654211443492e-10 
 1103       1.657364368795e-10 
 1104       1.660428396315e-10 
 1105       1.663400771619e-10 
 1106       1.666278723045e-10 
 1107       1.669059461670e-10 
 1108       1.671740181266e-10 
 1109       1.674318058270e-10 
 1110       1.676790251743e-10 
 1111       1.679153903335e-10 
 1112       1.681406557393e-10 
 1113       1.683547427404e-10 
 1114       1.685576146123e-10 
 1115       1.687492346937e-10 
 1116       1.689295663870e-10 
 1117       1.690985731589e-10 
 1118       1.692562185405e-10 
 1119       1.694024661279e-10 
 1120       1.695372795823e-10 
 1121       1.696606226308e-10 
 1122       1.697724590663e-10 
 1123       1.698727527485e-10 
 1124       1.699614676036e-10 
 1125       1.700385676251e-10 
 1126       1.701040168742e-10 
 1127       1.701577794799e-10 
 1128       1.701998196397e-10 
 1129       1.702301016199e-10 
 1130       1.702485897557e-10 
 1131       1.702552484520e-10 
 1132       1.702500421835e-10 
 1133       1.702329354954e-10 
 1134       1.702038930033e-10 
 1135       1.701628793940e-10 
 1136       1.701098594256e-10 
 1137       1.700447979283e-10 
 1138       1.699676598043e-10 
 1139       1.698784100283e-10 
 1140       1.697770136482e-10 
 1141       1.696634357852e-10 
 1142       1.695376416342e-10 
 1143       1.693995964642e-10 
 1144       1.692492656188e-10 
 1145       1.690866145164e-10 
 1146       1.689116086509e-10 
 1147       1.687242135916e-10 
 1148       1.685243949839e-10 
 1149       1.683121185499e-10 
 1150       1.680873500882e-10 
 1151       1.678500844990e-10 
 1152       1.676004332607e-10 
 1153       1.673385380647e-10 
 1154       1.670645418946e-10 
 1155       1.667785890296e-10 
 1156       1.664808250475e-10 
 1157       1.661713968273e-10 
 1158       1.658504525526e-10 
 1159       1.655181417145e-10 
 1160       1.651746151146e-10 
 1161       1.648200248680e-10 
 1162       1.644545244064e-10 
 1163       1.640782684808e-10 
 1164       1.636914131651e-10 
 1165       1.632941158583e-10 
 1166       1.628865352885e-10 
 1167       1.624688315150e-10 
 1168       1.620411659317e-10 
 1169       1.616037012704e-10 
 1170       1.611566016032e-10 
 1171       1.607000323460e-10 
 1172       1.602341602612e-10 
 1173       1.597591534610e-10 
 1174       1.592751814101e-10 
 1175       1.587824149291e-10 
 1176       1.582810261971e-10 
 1177       1.577711887548e-10 
 1178       1.572530775079e-10 
 1179       1.567268687295e-10 
 1180       1.561927400637e-10 
 1181       1.556508705282e-10 
 1182       1.551014405174e-10 
 1183       1.545446318056e-10 
 1184       1.539806275497e-10 
 1185       1.534096122926e-10 
 1186       1.528317719657e-10 
 1187       1.522472938925e-10 
 1188       1.516563667912e-10 
 1189       1.510591807778e-10 
 1190       1.504559298350e-10 
 1191       1.498468192465e-10 
 1192       1.492320582598e-10 
 1193       1.486118576321e-10 
 1194       1.479864296337e-10 
 1195       1.473559880505e-10 
 1196       1.467207481880e-10 
 1197       1.460809268743e-10 
 1198       1.454367424630e-10 
 1199       1.447884148368e-10 
 1200       1.441361654104e-10 
 1201       1.434802171341e-10 
 1202       1.428207944967e-10 
 1203       1.421581235289e-10 
 1204       1.414924318063e-10 
 1205       1.408239484530e-10 
 1206       1.401529041444e-10 
 1207       1.394795311106e-10 
 1208       1.388040631398e-10 
 1209       1.381267355813e-10 
 1210       1.374477853487e-10 
 1211       1.367674509232e-10 
 1212       1.360859723569e-10 
 1213       1.354035912758e-10 
 1214       1.347205508832e-10 
 1215       1.340370959630e-10 
 1216       1.333534728827e-10 
 1217       1.326699295966e-10 
 1218       1.319867156492e-10 
 1219       1.313040821786e-10 
 1220       1.306222819190e-10 
 1221       1.299415692049e-10 
 1222       1.292621999733e-10 
 1223       1.285844317680e-10 
 1224       1.279085237417e-10 
 1225       1.272347366601e-10 
 1226       1.265633329048e-10 
 1227       1.258945764763e-10 
 1228       1.252287329976e-10 
 1229       1.245660489078e-10 
 1230       1.239066887654e-10 
 1231       1.232507972060e-10 
 1232       1.225985196850e-10 
 1233       1.219500024797e-10 
 1234       1.213053926908e-10 
 1235       1.206648382437e-10 
 1236       1.200284878903e-10 
 1237       1.193964912104e-10 
 1238       1.187689986136e-10 
 1239       1.181461613403e-10 
 1240       1.175281314640e-10 
 1241       1.169150618921e-10 
 1242       1.163071063681e-10 
 1243       1.157044194729e-10 
 1244       1.151071566261e-10 
 1245       1.145154740882e-10 
 1246       1.139295289616e-10 
 1247       1.133494791924e-10 
 1248       1.127754835721e-10 
 1249       1.122077017389e-10 
 1250       1.116462941793e-10 
 1251       1.110914222300e-10 
 1252       1.105432480789e-10 
 1253       1.100019347673e-10 
 1254       1.094676461910e-10 
 1255       1.089405471020e-10 
 1256       1.084208031102e-10 
 1257       1.079085806847e-10 
 1258       1.074040471559e-10 
 1259       1.069073707162e-10 
 1260       1.064187204225e-10 
 1261       1.059382661969e-10 
 1262       1.054661788292e-10 
 1263       1.050026299777e-10 
 1264       1.045477921709e-10 
 1265       1.041018388095e-10 
 1266       1.036649441676e-10 
 1267       1.032372833942e-10 
 1268       1.028190038678e-10 
 1269       1.024101388951e-10 
 1270       1.020106930200e-10 
 1271       1.016206705807e-10 
 1272       1.012400757083e-10 
 1273       1.008689123269e-10 
 1274       1.005071841528e-10 
 1275       1.001548946938e-10 
 1276       9.981204724892e-11 
 1277       9.947864490743e-11 
 1278       9.915469054869e-11 
 1279       9.884018684133e-11 
 1280       9.853513624279e-11 
 1281       9.823954099870e-11 
 1282       9.795340314234e-11 
 1283       9.767672449404e-11 
 1284       9.740950666067e-11 
 1285       9.715175103500e-11 
 1286       9.690345879520e-11 
 1287       9.666463090420e-11 
 1288       9.643526810920e-11 
 1289       9.621537094104e-11 
 1290       9.600493971365e-11 
 1291       9.580397452350e-11 
 1292       9.561247524902e-11 
 1293       9.543044155001e-11 
 1294       9.525787286710e-11 
 1295       9.509476842119e-11 
 1296       9.494112721283e-11 
 1297       9.479694802172e-11 
 1298       9.466222940609e-11 
 1299       9.453696970216e-11 
 1300       9.442116702354e-11 
 1301       9.431481926070e-11 
 1302       9.421792408040e-11 
 1303       9.413047892507e-11 
 1304       9.405248101230e-11 
 1305       9.398392733426e-11 
 1306       9.392481465711e-11 
 1307       9.387512031225e-11 
 1308       9.383474433612e-11 
 1309       9.380356668202e-11 
 1310       9.378146636767e-11 
 1311       9.376832147329e-11 
 1312       9.376400913966e-11 
 1313       9.376840556625e-11 
 1314       9.378138600928e-11 
 1315       9.380282477977e-11 
 1316       9.383259524170e-11 
 1317       9.387056981001e-11 
 1318       9.391661994874e-11 
 1319       9.397061616910e-11 
 1320       9.403242802754e-11 
 1321       9.410192412385e-11 
 1322       9.417897209922e-11 
 1323       9.426343863436e-11 
 1324       9.435518944755e-11 
 1325       9.445408929274e-11 
 1326       9.456000195763e-11 
 1327       9.467279026176e-11 
 1328       9.479231605457e-11 
 1329       9.491844021351e-11 
 1330       9.505102264213e-11 
 1331       9.518992226811e-11 
 1332       9.533499704140e-11 
 1333       9.548610393231e-11 
 1334       9.564309892952e-11 
 1335       9.580583703824e-11 
 1336       9.597417227825e-11 
 1337       9.614795768202e-11 
 1338       9.632704529275e-11 
 1339       9.651128616248e-11 
 1340       9.670053035016e-11 
 1341       9.689462691976e-11 
 1342       9.709342393833e-11 
 1343       9.729676847407e-11 
 1344       9.750450659445e-11 
 1345       9.771648336428e-11 
 1346       9.793254242153e-11 
 1347       9.815252470365e-11 
 1348       9.837626970362e-11 
 1349       9.860361588901e-11 
 1350       9.883440069999e-11 
 1351       9.906846054743e-11 
 1352       9.930563081094e-11 
 1353       9.954574583690e-11 
 1354       9.978863893657e-11 
 1355       1.000341423841e-10 
 1356       1.002820874146e-10 
 1357       1.005323042222e-10 
 1358       1.007846219581e-10 
 1359       1.010388687286e-10 
 1360       1.012948715933e-10 
 1361       1.015524565629e-10 
 1362       1.018114485973e-10 
 1363       1.020716716041e-10 
 1364       1.023329484361e-10 
 1365       1.025951008893e-10 
 1366       1.028579497018e-10 
 1367       1.031213145506e-10 
 1368       1.033850140510e-10 
 1369       1.036488657534e-10 
 1370       1.039126861423e-10 
 1371       1.041762906339e-10 
 1372       1.044394935742e-10 
 1373       1.047021082371e-10 
 1374       1.049639468225e-10 
 1375       1.052248204544e-10 
 1376       1.054845391786e-10 
 1377       1.057429119614e-10 
 1378       1.059997466870e-10 
 1379       1.062548501558e-10 
 1380       1.065080280828e-10 
 1381       1.067590850951e-10 
 1382       1.070078247303e-10 
 1383       1.072540494344e-10 
 1384       1.074975605598e-10 
 1385       1.077381743335e-10 
 1386       1.079757699481e-10 
 1387       1.082102419743e-10 
 1388       1.084414844365e-10 
 1389       1.086693908117e-10 
 1390       1.088938540287e-10 
 1391       1.091147664670e-10 
 1392       1.093320199559e-10 
 1393       1.095455057736e-10 
 1394       1.097551146460e-10 
 1395       1.099607367464e-10 
 1396       1.101622616937e-10 
 1397       1.103595785522e-10 
 1398       1.105525758302e-10 
 1399       1.107411414790e-10 
 1400       1.109251628926e-10 
 1401       1.111045269058e-10 
 1402       1.112791197941e-10 
 1403       1.114488272722e-10 
 1404       1.116135344935e-10 
 1405       1.117731260485e-10 
 1406       1.119274859647e-10 
 1407       1.120764977049e-10 
 1408       1.122200441669e-10 
 1409       1.123580076818e-10 
 1410       1.124902700138e-10 
 1411       1.126167123589e-10 
 1412       1.127372153438e-10 
 1413       1.128516590254e-10 
 1414       1.129599228893e-10 
 1415       1.130618858495e-10 
 1416       1.131574262468e-10 
 1417       1.132464218484e-10 
 1418       1.133287498464e-10 
 1419       1.134042868574e-10 
 1420       1.134729089213e-10 
 1421       1.135344915004e-10 
 1422       1.135889094783e-10 
 1423       1.136360371590e-10 
 1424       1.136757694800e-10 
 1425       1.137080858897e-10 
 1426       1.137329871240e-10 
 1427       1.137504740522e-10 
 1428       1.137605476775e-10 
 1429       1.137632091371e-10 
 1430       1.137584597027e-10 
 1431       1.137463007810e-10 
 1432       1.137267339133e-10 
 1433       1.136997607766e-10 
 1434       1.136653831835e-10 
 1435       1.136236030826e-10 
 1436       1.135744225586e-10 
 1437       1.135178438331e-10 
 1438       1.134538692643e-10 
 1439       1.133825013479e-10 
 1440       1.133037427169e-10 
 1441       1.132175961424e-10 
 1442       1.131240645332e-10 
 1443       1.130231509370e-10 
 1444       1.129148585400e-10 
 1445       1.127991906676e-10 
 1446       1.126761507844e-10 
 1447       1.125457424949e-10 
 1448       1.124079695434e-10 
 1449       1.122628358147e-10 
 1450       1.121103453339e-10 
 1451       1.119505022673e-10 
 1452       1.117833109224e-10 
 1453       1.116087757480e-10 
 1454       1.114269013349e-10 
 1455       1.112376924162e-10 
 1456       1.110411538672e-10 
 1457       1.108372907061e-10 
 1458       1.106261080941e-10 
 1459       1.104076113358e-10 
 1460       1.101818058795e-10 
 1461       1.099486973176e-10 
 1462       1.097082913866e-10 
 1463       1.094606081507e-10 
 1464       1.092057247053e-10 
 1465       1.089437329011e-10 
 1466       1.086747252005e-10 
 1467       1.083987946792e-10 
 1468       1.081160350269e-10 
 1469       1.078265405488e-10 
 1470       1.075304061663e-10 
 1471       1.072277274184e-10 
 1472       1.069186004628e-10 
 1473       1.066031220766e-10 
 1474       1.062813896579e-10 
 1475       1.059535012268e-10 
 1476       1.056195554262e-10 
 1477       1.052796515233e-10 
 1478       1.049338894104e-10 
 1479       1.045823696062e-10 
 1480       1.042251932567e-10 
 1481       1.038624621365e-10 
 1482       1.034942786498e-10 
 1483       1.031207458317e-10 
 1484       1.027419673489e-10 
 1485       1.023580475011e-10 
 1486       1.019690912221e-10 
 1487       1.015752040809e-10 
 1488       1.011764922825e-10 
 1489       1.007730626696e-10 
 1490       1.003650227230e-10 
 1491       9.995248056325e-11 
 1492       9.953554495158e-11 
 1493       9.911432529089e-11 
 1494       9.868893162698e-11 
 1495       9.825947464962e-11 
 1496       9.782606569363e-11 
 1497       9.738881674003e-11 
 1498       9.694784041708e-11 
 1499       9.650325000146e-11 
 1500       9.605515941930e-11 
 1501       9.560368324733e-11 
 1502       9.514893738309e-11 
 1503       9.469104106066e-11 
 1504       9.423011485673e-11 
 1505       9.376628002446e-11 
 1506       9.329965849456e-11 
 1507       9.283037287644e-11 
 1508       9.235854645936e-11 
 1509       9.188430321357e-11 
 1510       9.140776779145e-11 
 1511       9.092906552861e-11 
 1512       9.044832244509e-11 
 1513       8.996566524645e-11 
 1514       8.948122132494e-11 
 1515       8.899511876061e-11 
 1516       8.850748632246e-11 
 1517       8.801845346961e-11 
 1518       8.752815035238e-11 
 1519       8.703670781347e-11 
 1520       8.654425738908e-11 
 1521       8.605093131007e-11 
 1522       8.555686250308e-11 
 1523       8.506218459166e-11 
 1524       8.456703189744e-11 
 1525       8.407153944122e-11 
 1526       8.357584294418e-11 
 1527       8.308007882894e-11 
 1528       8.258438422074e-11 
 1529       8.208889694861e-11 
 1530       8.159375554641e-11 
 1531       8.109909925409e-11 
 1532       8.060506801874e-11 
 1533       8.011180249575e-11 
 1534       7.961944404997e-11 
 1535       7.912813475684e-11 
 1536       7.863801740350e-11 
 1537       7.814923548998e-11 
 1538       7.766193323029e-11 
 1539       7.717625555359e-11 
 1540       7.669234810530e-11 
 1541       7.621034620081e-11 
 1542       7.573034156952e-11 
 1543       7.525241529734e-11 
 1544       7.477664884616e-11 
 1545       7.430312405435e-11 
 1546       7.383192313741e-11 
 1547       7.336312868848e-11 
 1548       7.289682367901e-11 
 1549       7.243309145924e-11 
 1550       7.197201575886e-11 
 1551       7.151368068756e-11 
 1552       7.105817073560e-11 
 1553       7.060557077440e-11 
 1554       7.015596605714e-11 
 1555       6.970944221931e-11 
 1556       6.926608527930e-11 
 1557       6.882598163901e-11 
 1558       6.838921808437e-11 
 1559       6.795588178598e-11 
 1560       6.752606029966e-11 
 1561       6.709984156704e-11 
 1562       6.667731391613e-11 
 1563       6.625856606191e-11 
 1564       6.584368710691e-11 
 1565       6.543276654180e-11 
 1566       6.502589424594e-11 
 1567       6.462316048799e-11 
 1568       6.422465592649e-11 
 1569       6.383047161042e-11 
 1570       6.344069897980e-11 
 1571       6.305542986625e-11 
 1572       6.267475649360e-11 
 1573       6.229877147844e-11 
 1574       6.192756783073e-11 
 1575       6.156123895435e-11 
 1576       6.119987864771e-11 
 1577       6.084358110430e-11 
 1578       6.049244091330e-11 
 1579       6.014655306014e-11 
 1580       5.980599786989e-11 
 1581       5.947079568373e-11 
 1582       5.914095176400e-11 
 1583       5.881647131314e-11 
 1584       5.849735947363e-11 
 1585       5.818362132777e-11 
 1586       5.787526189755e-11 
 1587       5.757228614457e-11 
 1588       5.727469896979e-11 
 1589       5.698250521350e-11 
 1590       5.669570965510e-11 
 1591       5.641431701297e-11 
 1592       5.613833194437e-11 
 1593       5.586775904523e-11 
 1594       5.560260285006e-11 
 1595       5.534286783181e-11 
 1596       5.508855840168e-11 
 1597       5.483967890901e-11 
 1598       5.459623364113e-11 
 1599       5.435822682324e-11 
 1600       5.412566261823e-11 
 1601       5.389854512655e-11 
 1602       5.367687838608e-11 
 1603       5.346066637199e-11 
 1604       5.324991299655e-11 
 1605       5.304462210905e-11 
 1606       5.284479749564e-11 
 1607       5.265044287916e-11 
 1608       5.246156191900e-11 
 1609       5.227815821102e-11 
 1610       5.210023528730e-11 
 1611       5.192779661611e-11 
 1612       5.176084560168e-11 
 1613       5.159938558410e-11 
 1614       5.144341983917e-11 
 1615       5.129295157827e-11 
 1616       5.114798394817e-11 
 1617       5.100852003095e-11 
 1618       5.087456284382e-11 
 1619       5.074610500676e-11 
 1620       5.062309764368e-11 
 1621       5.050548119996e-11 
 1622       5.039319574857e-11 
 1623       5.028618098941e-11 
 1624       5.018437624876e-11 
 1625       5.008772047862e-11 
 1626       4.999615225610e-11 
 1627       4.990960978279e-11 
 1628       4.982803088421e-11 
 1629       4.975135300911e-11 
 1630       4.967951322889e-11 
 1631       4.961244823702e-11 
 1632       4.955009434836e-11 
 1633       4.949238749859e-11 
 1634       4.943926324359e-11 
 1635       4.939065675878e-11 
 1636       4.934650283858e-11 
 1637       4.930673589574e-11 
 1638       4.927128996072e-11 
 1639       4.924009868112e-11 
 1640       4.921309532103e-11 
 1641       4.919021276041e-11 
 1642       4.917138349450e-11 
 1643       4.915653963319e-11 
 1644       4.914561290041e-11 
 1645       4.913853463349e-11 
 1646       4.913523578259e-11 
 1647       4.913564691004e-11 
 1648       4.913969818976e-11 
 1649       4.914731940661e-11 
 1650       4.915843995582e-11 
 1651       4.917298884233e-11 
 1652       4.919089468019e-11 
 1653       4.921208569195e-11 
 1654       4.923648970804e-11 
 1655       4.926403416616e-11 
 1656       4.929464611066e-11 
 1657       4.932825219193e-11 
 1658       4.936477760754e-11 
 1659       4.940414291675e-11 
 1660       4.944626719665e-11 
 1661       4.949106909725e-11 
 1662       4.953846684072e-11 
 1663       4.958837822082e-11 
 1664       4.964072060216e-11 
 1665       4.969541091962e-11 
 1666       4.975236567760e-11 
 1667       4.981150094942e-11 
 1668       4.987273237666e-11 
 1669       4.993597516844e-11 
 1670       5.000114410084e-11 
 1671       5.006815351615e-11 
 1672       5.013691732230e-11 
 1673       5.020734899212e-11 
 1674       5.027936156272e-11 
 1675       5.035286763483e-11 
 1676       5.042777937211e-11 
 1677       5.050400850052e-11 
 1678       5.058146630764e-11 
 1679       5.066006364201e-11 
 1680       5.073971091247e-11 
 1681       5.082031808751e-11 
 1682       5.090179469459e-11 
 1683       5.098404981948e-11 
 1684       5.106699210562e-11 
 1685       5.115052975343e-11 
 1686       5.123457051967e-11 
 1687       5.131902171676e-11 
 1688       5.140379021213e-11 
 1689       5.148878242757e-11 
 1690       5.157390433854e-11 
 1691       5.165906147353e-11 
 1692       5.174415891339e-11 
 1693       5.182910129067e-11 
 1694       5.191379278895e-11 
 1695       5.199813714220e-11 
 1696       5.208203763411e-11 
 1697       5.216540427261e-11 
 1698       5.224817538258e-11 
 1699       5.233029619799e-11 
 1700       5.241171170325e-11 
 1701       5.249236663288e-11 
 1702       5.257220547107e-11 
 1703       5.265117245139e-11 
 1704       5.272921155639e-11 
 1705       5.280626651724e-11 
 1706       5.288228081338e-11 
 1707       5.295719767215e-11 
 1708       5.303096006841e-11 
 1709       5.310351072423e-11 
 1710       5.317479210845e-11 
 1711       5.324474643638e-11 
 1712       5.331331566942e-11 
 1713       5.338044151467e-11 
 1714       5.344606542462e-11 
 1715       5.351012859674e-11 
 1716       5.357257197313e-11 
 1717       5.363333624017e-11 
 1718       5.369236182814e-11 
 1719       5.374958891089e-11 
 1720       5.380495740542e-11 
 1721       5.385840697157e-11 
 1722       5.390987701162e-11 
 1723       5.395930666998e-11 
 1724       5.400663483275e-11 
 1725       5.405180012743e-11 
 1726       5.409474092250e-11 
 1727       5.413539532710e-11 
 1728       5.417370119066e-11 
 1729       5.420959610250e-11 
 1730       5.424301739152e-11 
 1731       5.427390212579e-11 
 1732       5.430218711223e-11 
 1733       5.432780889621e-11 
 1734       5.435070376122e-11 
 1735       5.437080772847e-11 
 1736       5.438806659435e-11 
 1737       5.440246613593e-11 
 1738       5.441400215934e-11 
 1739       5.442267048506e-11 
 1740       5.442846694804e-11 
 1741       5.443138739765e-11 
 1742       5.443142769781e-11 
 1743       5.442858372694e-11 
 1744       5.442285137805e-11 
 1745       5.441422655875e-11 
 1746       5.440270519132e-11 
 1747       5.438828321270e-11 
 1748       5.437095657457e-11 
 1749       5.435072124334e-11 
 1750       5.432757320026e-11 
 1751       5.430150844136e-11 
 1752       5.427252297758e-11 
 1753       5.424061283473e-11 
 1754       5.420577405358e-11 
 1755       5.416800268988e-11 
 1756       5.412729481438e-11 
 1757       5.408364651289e-11 
 1758       5.403705388631e-11 
 1759       5.398751305065e-11 
 1760       5.393502013709e-11 
 1761       5.387957129202e-11 
 1762       5.382116267703e-11 
 1763       5.375979046902e-11 
 1764       5.369545086017e-11 
 1765       5.362814005801e-11 
 1766       5.355785428545e-11 
 1767       5.348458978083e-11 
 1768       5.340834279792e-11 
 1769       5.332910960601e-11 
 1770       5.324688648988e-11 
 1771       5.316166974991e-11 
 1772       5.307345570205e-11 
 1773       5.298224067791e-11 
 1774       5.288802102476e-11 
 1775       5.279080017150e-11 
 1776       5.269060989009e-11 
 1777       5.258748920948e-11 
 1778       5.248147736588e-11 
 1779       5.237261380309e-11 
 1780       5.226093817279e-11 
 1781       5.214649033485e-11 
 1782       5.202931035764e-11 
 1783       5.190943851833e-11 
 1784       5.178691530321e-11 
 1785       5.166178140797e-11 
 1786       5.153407773802e-11 
 1787       5.140384540881e-11 
 1788       5.127112574610e-11 
 1789       5.113596028631e-11 
 1790       5.099839077677e-11 
 1791       5.085845917609e-11 
 1792       5.071620765442e-11 
 1793       5.057167859376e-11 
 1794       5.042491458829e-11 
 1795       5.027595844465e-11 
 1796       5.012485318225e-11 
 1797       4.997164203361e-11 
 1798       4.981636844460e-11 
 1799       4.965907607480e-11 
 1800       4.949980879780e-11 
 1801       4.933861070147e-11 
 1802       4.917552608830e-11 
 1803       4.901059947570e-11 
 1804       4.884387559629e-11 
 1805       4.867539939822e-11 
 1806       4.850521604549e-11 
 1807       4.833337091820e-11 
 1808       4.815990961292e-11 
 1809       4.798487794297e-11 
 1810       4.780832193872e-11 
 1811       4.763028784788e-11 
 1812       4.745082213584e-11 
 1813       4.726997148599e-11 
 1814       4.708778363280e-11 
 1815       4.690430986816e-11 
 1816       4.671960255590e-11 
 1817       4.653371430114e-11 
 1818       4.634669795060e-11 
 1819       4.615860659294e-11 
 1820       4.596949355912e-11 
 1821       4.577941242271e-11 
 1822       4.558841700022e-11 
 1823       4.539656135148e-11 
 1824       4.520389977991e-11 
 1825       4.501048683291e-11 
 1826       4.481637730220e-11 
 1827       4.462162622409e-11 
 1828       4.442628887989e-11 
 1829       4.423042079620e-11 
 1830       4.403407774528e-11 
 1831       4.383731574536e-11 
 1832       4.364019106096e-11 
 1833       4.344276020328e-11 
 1834       4.324507993051e-11 
 1835       4.304720724812e-11 
 1836       4.284919940928e-11 
 1837       4.265111391514e-11 
 1838       4.245300851517e-11 
 1839       4.225494120752e-11 
 1840       4.205697023932e-11 
 1841       4.185915410707e-11 
 1842       4.166155155691e-11 
 1843       4.146422158501e-11 
 1844       4.126722343788e-11 
 1845       4.107061661271e-11 
 1846       4.087446085770e-11 
 1847       4.067881617242e-11 
 1848       4.048374280811e-11 
 1849       4.028930126805e-11 
 1850       4.009555230788e-11 
 1851       3.990255693592e-11 
 1852       3.971037641355e-11 
 1853       3.951906761416e-11 
 1854       3.932866905940e-11 
 1855       3.913921477336e-11 
 1856       3.895073891402e-11 
 1857       3.876327577350e-11 
 1858       3.857685977814e-11 
 1859       3.839152548875e-11 
 1860       3.820730760075e-11 
 1861       3.802424094435e-11 
 1862       3.784236048472e-11 
 1863       3.766170132218e-11 
 1864       3.748229869235e-11 
 1865       3.730418796633e-11 
 1866       3.712740465090e-11 
 1867       3.695198438866e-11 
 1868       3.677796295820e-11 
 1869       3.660537627433e-11 
 1870       3.643426038819e-11 
 1871       3.626465148744e-11 
 1872       3.609658589646e-11 
 1873       3.593010007650e-11 
 1874       3.576523062586e-11 
 1875       3.560201428006e-11 
 1876       3.544048791203e-11 
 1877       3.528068853226e-11 
 1878       3.512265328898e-11 
 1879       3.496641946837e-11 
 1880       3.481202449465e-11 
 1881       3.465950593036e-11 
 1882       3.450890147645e-11 
 1883       3.436024897250e-11 
 1884       3.421358639686e-11 
 1885       3.406895186687e-11 
 1886       3.392638363897e-11 
 1887       3.378592010894e-11 
 1888       3.364759981204e-11 
 1889       3.351146142317e-11 
 1890       3.337754375707e-11 
 1891       3.324588576851e-11 
 1892       3.311651994312e-11 
 1893       3.298945241398e-11 
 1894       3.286468269160e-11 
 1895       3.274221025919e-11 
 1896       3.262203457265e-11 
 1897       3.250415506049e-11 
 1898       3.238857112380e-11 
 1899       3.227528213617e-11 
 1900       3.216428744369e-11 
 1901       3.205558636487e-11 
 1902       3.194917819059e-11 
 1903       3.184506218408e-11 
 1904       3.174323758085e-11 
 1905       3.164370358863e-11 
 1906       3.154645938737e-11 
 1907       3.145150412914e-11 
 1908       3.135883693812e-11 
 1909       3.126845691053e-11 
 1910       3.118036311458e-11 
 1911       3.109455459045e-11 
 1912       3.101103035021e-11 
 1913       3.092978937780e-11 
 1914       3.085083062897e-11 
 1915       3.077415303121e-11 
 1916       3.069975548374e-11 
 1917       3.062763685745e-11 
 1918       3.055779599485e-11 
 1919       3.049023171001e-11 
 1920       3.042494278852e-11 
 1921       3.036192798747e-11 
 1922       3.030118603536e-11 
 1923       3.024271563207e-11 
 1924       3.018651544883e-11 
 1925       3.013258412813e-11 
 1926       3.008092028372e-11 
 1927       3.003152250053e-11 
 1928       2.998438933463e-11 
 1929       2.993951931321e-11 
 1930       2.989691093447e-11 
 1931       2.985655808207e-11 
 1932       2.981843623038e-11 
 1933       2.978251613455e-11 
 1934       2.974876840638e-11 
 1935       2.971716351417e-11 
 1936       2.968767178247e-11 
 1937       2.966026339192e-11 
 1938       2.963490837905e-11 
 1939       2.961157663607e-11 
 1940       2.959023791068e-11 
 1941       2.957086180590e-11 
 1942       2.955341777982e-11 
 1943       2.953787514547e-11 
 1944       2.952420307059e-11 
 1945       2.951237057742e-11 
 1946       2.950234654254e-11 
 1947       2.949409969665e-11 
 1948       2.948759862440e-11 
 1949       2.948281176415e-11 
 1950       2.947970740783e-11 
 1951       2.947825370070e-11 
 1952       2.947841864118e-11 
 1953       2.948017008065e-11 
 1954       2.948347572325e-11 
 1955       2.948830312570e-11 
 1956       2.949461969707e-11 
 1957       2.950239269862e-11 
 1958       2.951158924359e-11 
 1959       2.952217629701e-11 
 1960       2.953412067551e-11 
 1961       2.954738904710e-11 
 1962       2.956194793100e-11 
 1963       2.957776369745e-11 
 1964       2.959480256747e-11 
 1965       2.961303061273e-11 
 1966       2.963241375530e-11 
 1967       2.965291776750e-11 
 1968       2.967450827164e-11 
 1969       2.969715073992e-11 
 1970       2.972081008360e-11 
 1971       2.974544941794e-11 
 1972       2.977103128771e-11 
 1973       2.979751807673e-11 
 1974       2.982487200765e-11 
 1975       2.985305514174e-11 
 1976       2.988202937868e-11 
 1977       2.991175645635e-11 
 1978       2.994219795063e-11 
 1979       2.997331527518e-11 
 1980       3.000506968126e-11 
 1981       3.003742225750e-11 
 1982       3.007033392966e-11 
 1983       3.010376546051e-11 
 1984       3.013767744954e-11 
 1985       3.017203033278e-11 
 1986       3.020678438260e-11 
 1987       3.024189970751e-11 
 1988       3.027733625191e-11 
 1989       3.031305379593e-11 
 1990       3.034901195521e-11 
 1991       3.038517018066e-11 
 1992       3.042148775831e-11 
 1993       3.045792380904e-11 
 1994       3.049443728841e-11 
 1995       3.053098698646e-11 
 1996       3.056753152746e-11 
 1997       3.060402936976e-11 
 1998       3.064043880552e-11 
 1999       3.067671796055e-11 
 2000       3.071282479408e-11 
 2001       3.074871709857e-11 
 2002       3.078435249947e-11 
 2003       3.081968845503e-11 
 2004       3.085468225613e-11 
 2005       3.088929102598e-11 
 2006       3.092347172003e-11 
 2007       3.095718112565e-11 
 2008       3.099037586199e-11 
 2009       3.102301567494e-11 
 2010       3.105507334859e-11 
 2011       3.108652486557e-11 
 2012       3.111734611830e-11 
 2013       3.114751290889e-11 
 2014       3.117700094903e-11 
 2015       3.120578585988e-11 
 2016       3.123384317195e-11 
 2017       3.126114832500e-11 
 2018       3.128767666795e-11 
 2019       3.131340345872e-11 
 2020       3.133830386418e-11 
 2021       3.136235295998e-11 
 2022       3.138552573048e-11 
 2023       3.140779706865e-11 
 2024       3.142914177591e-11 
 2025       3.144953456207e-11 
 2026       3.146895004518e-11 
 2027       3.148736275148e-11 
 2028       3.150474711520e-11 
 2029       3.152107747855e-11 
 2030       3.153632809151e-11 
 2031       3.155047311182e-11 
 2032       3.156348660479e-11 
 2033       3.157534254323e-11 
 2034       3.158601480733e-11 
 2035       3.159547718456e-11 
 2036       3.160370336954e-11 
 2037       3.161066696395e-11 
 2038       3.161634147641e-11 
 2039       3.162070032237e-11 
 2040       3.162371682400e-11 
 2041       3.162536421010e-11 
 2042       3.162561561594e-11 
 2043       3.162444408321e-11 
 2044       3.162182255988e-11 
 2045       3.161772390007e-11 
 2046       3.161212086400e-11 
 2047       3.160498611782e-11 
 2048       3.159629684470e-11 
 2049       3.158604861434e-11 
 2050       3.157424161235e-11 
 2051       3.156087603813e-11 
 2052       3.154595210486e-11 
 2053       3.152947003955e-11 
 2054       3.151143008304e-11 
 2055       3.149183249005e-11 
 2056       3.147067752916e-11 
 2057       3.144796548286e-11 
 2058       3.142369664758e-11 
 2059       3.139787133369e-11 
 2060       3.137048986553e-11 
 2061       3.134155258142e-11 
 2062       3.131105983373e-11 
 2063       3.127901198884e-11 
 2064       3.124540942719e-11 
 2065       3.121025254332e-11 
 2066       3.117354174584e-11 
 2067       3.113527745753e-11 
 2068       3.109546011527e-11 
 2069       3.105409017014e-11 
 2070       3.101116808740e-11 
 2071       3.096669434654e-11 
 2072       3.092066944125e-11 
 2073       3.087309387950e-11 
 2074       3.082396818355e-11 
 2075       3.077329288995e-11 
 2076       3.072106854955e-11 
 2077       3.066729572758e-11 
 2078       3.061197500362e-11 
 2079       3.055510697165e-11 
 2080       3.049669224004e-11 
 2081       3.043673143162e-11 
 2082       3.037522518365e-11 
 2083       3.031217414789e-11 
 2084       3.024757899058e-11 
 2085       3.018144039248e-11 
 2086       3.011375904892e-11 
 2087       3.004453892118e-11 
 2088       2.997379701567e-11 
 2089       2.990155367343e-11 
 2090       2.982782932501e-11 
 2091       2.975264449064e-11 
 2092       2.967601978028e-11 
 2093       2.959797589378e-11 
 2094       2.951853362097e-11 
 2095       2.943771384177e-11 
 2096       2.935553752631e-11 
 2097       2.927202573504e-11 
 2098       2.918719961884e-11 
 2099       2.910108041912e-11 
 2100       2.901368946796e-11 
 2101       2.892504818818e-11 
 2102       2.883517809351e-11 
 2103       2.874410078864e-11 
 2104       2.865183796936e-11 
 2105       2.855841142269e-11 
 2106       2.846384302695e-11 
 2107       2.836815475190e-11 
 2108       2.827136865885e-11 
 2109       2.817350690077e-11 
 2110       2.807459172239e-11 
 2111       2.797464546031e-11 
 2112       2.787369054314e-11 
 2113       2.777174949159e-11 
 2114       2.766884491857e-11 
 2115       2.756499952933e-11 
 2116       2.746023612155e-11 
 2117       2.735457758545e-11 
 2118       2.724804690394e-11 
 2119       2.714066715267e-11 
 2120       2.703246150018e-11 
 2121       2.692345320803e-11 
 2122       2.681366563085e-11 
 2123       2.670312221652e-11 
 2124       2.659184650622e-11 
 2125       2.647986213459e-11 
 2126       2.636719324509e-11 
 2127       2.625386573903e-11 
 2128       2.613990603537e-11 
 2129       2.602534065636e-11 
 2130       2.591019622763e-11 
 2131       2.579449947834e-11 
 2132       2.567827724130e-11 
 2133       2.556155645310e-11 
 2134       2.544436415418e-11 
 2135       2.532672748905e-11 
 2136       2.520867370632e-11 
 2137       2.509023015885e-11 
 2138       2.497142430392e-11 
 2139       2.485228370329e-11 
 2140       2.473283602333e-11 
 2141       2.461310903520e-11 
 2142       2.449313061490e-11 
 2143       2.437292874343e-11 
 2144       2.425253150691e-11 
 2145       2.413196709671e-11 
 2146       2.401126380954e-11 
 2147       2.389045004761e-11 
 2148       2.376955431874e-11 
 2149       2.364860523645e-11 
 2150       2.352763152016e-11 
 2151       2.340666199522e-11 
 2152       2.328572559311e-11 
 2153       2.316485135151e-11 
 2154       2.304406841444e-11 
 2155       2.292340603240e-11 
 2156       2.280289356247e-11 
 2157       2.268256046844e-11 
 2158       2.256243632093e-11 
 2159       2.244255079752e-11 
 2160       2.232293368286e-11 
 2161       2.220361486881e-11 
 2162       2.208462435455e-11 
 2163       2.196599224670e-11 
 2164       2.184774875946e-11 
 2165       2.172992207709e-11 
 2166       2.161253192551e-11 
 2167       2.149559595747e-11 
 2168       2.137913188634e-11 
 2169       2.126315748612e-11 
 2170       2.114769059155e-11 
 2171       2.103274909816e-11 
 2172       2.091835096234e-11 
 2173       2.080451420141e-11 
 2174       2.069125689368e-11 
 2175       2.057859717852e-11 
 2176       2.046655325645e-11 
 2177       2.035514338918e-11 
 2178       2.024438589968e-11 
 2179       2.013429917226e-11 
 2180       2.002490165265e-11 
 2181       1.991621184802e-11 
 2182       1.980824832711e-11 
 2183       1.970102972023e-11 
 2184       1.959457471941e-11 
 2185       1.948890207839e-11 
 2186       1.938403061273e-11 
 2187       1.927997919987e-11 
 2188       1.917676677919e-11 
 2189       1.907441235209e-11 
 2190       1.897293498205e-11 
 2191       1.887235379471e-11 
 2192       1.877268797789e-11 
 2193       1.867395678175e-11 
 2194       1.857617951876e-11 
 2195       1.847937556383e-11 
 2196       1.838356435436e-11 
 2197       1.828876539030e-11 
 2198       1.819499823422e-11 
 2199       1.810228251140e-11 
 2200       1.801063790987e-11 
 2201       1.792008418048e-11 
 2202       1.783064113699e-11 
 2203       1.774232865611e-11 
 2204       1.765516357312e-11 
 2205       1.756915034590e-11 
 2206       1.748429032901e-11 
 2207       1.740058487254e-11 
 2208       1.731803532207e-11 
 2209       1.723664301869e-11 
 2210       1.715640929897e-11 
 2211       1.707733549497e-11 
 2212       1.699942293423e-11 
 2213       1.692267293973e-11 
 2214       1.684708682993e-11 
 2215       1.677266591873e-11 
 2216       1.669941151545e-11 
 2217       1.662732492486e-11 
 2218       1.655640744714e-11 
 2219       1.648666037789e-11 
 2220       1.641808500810e-11 
 2221       1.635068262417e-11 
 2222       1.628445450786e-11 
 2223       1.621940193633e-11 
 2224       1.615552618209e-11 
 2225       1.609282851302e-11 
 2226       1.603131019235e-11 
 2227       1.597097247864e-11 
 2228       1.591181662579e-11 
 2229       1.585384388302e-11 
 2230       1.579705549487e-11 
 2231       1.574145270118e-11 
 2232       1.568703673708e-11 
 2233       1.563380883300e-11 
 2234       1.558177021465e-11 
 2235       1.553092210300e-11 
 2236       1.548126571430e-11 
 2237       1.543280226002e-11 
 2238       1.538553294690e-11 
 2239       1.533945897691e-11 
 2240       1.529458154725e-11 
 2241       1.525090185033e-11 
 2242       1.520842107377e-11 
 2243       1.516713812712e-11 
 2244       1.512704280581e-11 
 2245       1.508812258259e-11 
 2246       1.505036487662e-11 
 2247       1.501375705349e-11 
 2248       1.497828642507e-11 
 2249       1.494394024953e-11 
 2250       1.491070573121e-11 
 2251       1.487857002060e-11 
 2252       1.484752021425e-11 
 2253       1.481754335474e-11 
 2254       1.478862643057e-11 
 2255       1.476075637613e-11 
 2256       1.473392007165e-11 
 2257       1.470810434310e-11 
 2258       1.468329596213e-11 
 2259       1.465948164605e-11 
 2260       1.463664805772e-11 
 2261       1.461478180551e-11 
 2262       1.459386944322e-11 
 2263       1.457389747006e-11 
 2264       1.455485233052e-11 
 2265       1.453672041437e-11 
 2266       1.451948805655e-11 
 2267       1.450314153713e-11 
 2268       1.448766708127e-11 
 2269       1.447305085909e-11 
 2270       1.445927898567e-11 
 2271       1.444633752097e-11 
 2272       1.443421246976e-11 
 2273       1.442288978154e-11 
 2274       1.441235535051e-11 
 2275       1.440259501551e-11 
 2276       1.439359455990e-11 
 2277       1.438533971158e-11 
 2278       1.437781614285e-11 
 2279       1.437100947039e-11 
 2280       1.436490525521e-11 
 2281       1.435948900253e-11 
 2282       1.435474574208e-11 
 2283       1.435065876598e-11 
 2284       1.434721088260e-11 
 2285       1.434438483549e-11 
 2286       1.434216330324e-11 
 2287       1.434052889948e-11 
 2288       1.433946417276e-11 
 2289       1.433895160648e-11 
 2290       1.433897361886e-11 
 2291       1.433951256280e-11 
 2292       1.434055072586e-11 
 2293       1.434207033016e-11 
 2294       1.434405353234e-11 
 2295       1.434648242344e-11 
 2296       1.434933902887e-11 
 2297       1.435260530830e-11 
 2298       1.435626315563e-11 
 2299       1.436029439887e-11 
 2300       1.436468080011e-11 
 2301       1.436940405543e-11 
 2302       1.437444579481e-11 
 2303       1.437978758208e-11 
 2304       1.438541091485e-11 
 2305       1.439129722442e-11 
 2306       1.439742787571e-11 
 2307       1.440378416720e-11 
 2308       1.441034733086e-11 
 2309       1.441709853205e-11 
 2310       1.442401886947e-11 
 2311       1.443108937508e-11 
 2312       1.443829101404e-11 
 2313       1.444560468462e-11 
 2314       1.445301121814e-11 
 2315       1.446049137887e-11 
 2316       1.446802586401e-11 
 2317       1.447559530356e-11 
 2318       1.448318026029e-11 
 2319       1.449076122964e-11 
 2320       1.449831863967e-11 
 2321       1.450583415017e-11 
 2322       1.451329455924e-11 
 2323       1.452068792119e-11 
 2324       1.452800224958e-11 
 2325       1.453522551714e-11 
 2326       1.454234565575e-11 
 2327       1.454935055638e-11 
 2328       1.455622806906e-11 
 2329       1.456296600281e-11 
 2330       1.456955212562e-11 
 2331       1.457597416442e-11 
 2332       1.458221980500e-11 
 2333       1.458827669198e-11 
 2334       1.459413242877e-11 
 2335       1.459977457754e-11 
 2336       1.460519065915e-11 
 2337       1.461036815312e-11 
 2338       1.461529449758e-11 
 2339       1.461995708924e-11 
 2340       1.462434328333e-11 
 2341       1.462844039357e-11 
 2342       1.463223569210e-11 
 2343       1.463571640949e-11 
 2344       1.463886973463e-11 
 2345       1.464168281473e-11 
 2346       1.464414275528e-11 
 2347       1.464623661996e-11 
 2348       1.464795143064e-11 
 2349       1.464927416735e-11 
 2350       1.465019176816e-11 
 2351       1.465069112922e-11 
 2352       1.465075910468e-11 
 2353       1.465038250663e-11 
 2354       1.464954810510e-11 
 2355       1.464824262797e-11 
 2356       1.464645276095e-11 
 2357       1.464416514755e-11 
 2358       1.464136638900e-11 
 2359       1.463804304423e-11 
 2360       1.463418362592e-11 
 2361       1.462978460222e-11 
 2362       1.462484443220e-11 
 2363       1.461936157308e-11 
 2364       1.461333448026e-11 
 2365       1.460676160733e-11 
 2366       1.459964140606e-11 
 2367       1.459197232638e-11 
 2368       1.458375281641e-11 
 2369       1.457498132244e-11 
 2370       1.456565628894e-11 
 2371       1.455577615854e-11 
 2372       1.454533937205e-11 
 2373       1.453434436846e-11 
 2374       1.452278958493e-11 
 2375       1.451067345677e-11 
 2376       1.449799441748e-11 
 2377       1.448475089872e-11 
 2378       1.447094133033e-11 
 2379       1.445656414031e-11 
 2380       1.444161775483e-11 
 2381       1.442610059821e-11 
 2382       1.441001109295e-11 
 2383       1.439334765972e-11 
 2384       1.437610871734e-11 
 2385       1.435829268280e-11 
 2386       1.433989797126e-11 
 2387       1.432092299602e-11 
 2388       1.430136616856e-11 
 2389       1.428122589852e-11 
 2390       1.426050059368e-11 
 2391       1.423918866000e-11 
 2392       1.421728850160e-11 
 2393       1.419479852072e-11 
 2394       1.417171711781e-11 
 2395       1.414804269144e-11 
 2396       1.412377363833e-11 
 2397       1.409890835339e-11 
 2398       1.407344522965e-11 
 2399       1.404738416814e-11 
 2400       1.402073111750e-11 
 2401       1.399349356205e-11 
 2402       1.396567901453e-11 
 2403       1.393729501610e-11 
 2404       1.390834913640e-11 
 2405       1.387884897355e-11 
 2406       1.384880215421e-11 
 2407       1.381821633359e-11 
 2408       1.378709919550e-11 
 2409       1.375545845235e-11 
 2410       1.372330184521e-11 
 2411       1.369063714383e-11 
 2412       1.365747214668e-11 
 2413       1.362381468094e-11 
 2414       1.358967260261e-11 
 2415       1.355505379645e-11 
 2416       1.351996617608e-11 
 2417       1.348441768398e-11 
 2418       1.344841629152e-11 
 2419       1.341196999898e-11 
 2420       1.337508683564e-11 
 2421       1.333777485973e-11 
 2422       1.330004215852e-11 
 2423       1.326189684830e-11 
 2424       1.322334707448e-11 
 2425       1.318440101154e-11 
 2426       1.314506686314e-11 
 2427       1.310535286208e-11 
 2428       1.306526727038e-11 
 2429       1.302481837929e-11 
 2430       1.298401450932e-11 
 2431       1.294286401027e-11 
 2432       1.290137526128e-11 
 2433       1.285955667084e-11 
 2434       1.281741667682e-11 
 2435       1.277496374652e-11 
 2436       1.273220637668e-11 
 2437       1.268915309351e-11 
 2438       1.264581277896e-11 
 2439       1.260219565150e-11 
 2440       1.255831229126e-11 
 2441       1.251417331442e-11 
 2442       1.246978937322e-11 
 2443       1.242517115601e-11 
 2444       1.238032938730e-11 
 2445       1.233527482776e-11 
 2446       1.229001827429e-11 
 2447       1.224457056004e-11 
 2448       1.219894255449e-11 
 2449       1.215314516340e-11 
 2450       1.210718932893e-11 
 2451       1.206108602965e-11 
 2452       1.201484628056e-11 
 2453       1.196848113314e-11 
 2454       1.192200167541e-11 
 2455       1.187541903191e-11 
 2456       1.182874436382e-11 
 2457       1.178198886890e-11 
 2458       1.173516378161e-11 
 2459       1.168828037311e-11 
 2460       1.164134995131e-11 
 2461       1.159438386087e-11 
 2462       1.154739348330e-11 
 2463       1.150039023695e-11 
 2464       1.145338557706e-11 
 2465       1.140639099579e-11 
 2466       1.135941802230e-11 
 2467       1.131247822272e-11 
 2468       1.126558320023e-11 
 2469       1.121874459509e-11 
 2470       1.117197408469e-11 
 2471       1.112528338354e-11 
 2472       1.107868424336e-11 
 2473       1.103218845311e-11 
 2474       1.098580783899e-11 
 2475       1.093955426451e-11 
 2476       1.089343963053e-11 
 2477       1.084747507159e-11 
 2478       1.080166853972e-11 
 2479       1.075602720641e-11 
 2480       1.071055826508e-11 
 2481       1.066526893103e-11 
 2482       1.062016644151e-11 
 2483       1.057525805574e-11 
 2484       1.053055105489e-11 
 2485       1.048605274216e-11 
 2486       1.044177044274e-11 
 2487       1.039771150390e-11 
 2488       1.035388329494e-11 
 2489       1.031029320727e-11 
 2490       1.026694865441e-11 
 2491       1.022385707199e-11 
 2492       1.018102591781e-11 
 2493       1.013846267183e-11 
 2494       1.009617483621e-11 
 2495       1.005416993534e-11 
 2496       1.001245551582e-11 
 2497       9.971039146536e-12 
 2498       9.929928418636e-12 
 2499       9.889130945581e-12 
 2500       9.848654363153e-12 
 2501       9.808506329481e-12 
 2502       9.768694525061e-12 
 2503       9.729226652777e-12 
 2504       9.690110437924e-12 
 2505       9.651353628232e-12 
 2506       9.612963993880e-12 
 2507       9.574949327525e-12 
 2508       9.537317444323e-12 
 2509       9.500076181944e-12 
 2510       9.463233400602e-12 
 2511       9.426796983070e-12 
 2512       9.390774834707e-12 
 2513       9.355174883474e-12 
 2514       9.320005079962e-12 
 2515       9.285273397406e-12 
 2516       9.250986598447e-12 
 2517       9.217146527504e-12 
 2518       9.183753796861e-12 
 2519       9.150809017979e-12 
 2520       9.118312801490e-12 
 2521       9.086265757195e-12 
 2522       9.054668494063e-12 
 2523       9.023521620231e-12 
 2524       8.992825743001e-12 
 2525       8.962581468835e-12 
 2526       8.932789403359e-12 
 2527       8.903450151358e-12 
 2528       8.874564316773e-12 
 2529       8.846132502703e-12 
 2530       8.818155311399e-12 
 2531       8.790633344265e-12 
 2532       8.763567201857e-12 
 2533       8.736957483877e-12 
 2534       8.710804789175e-12 
 2535       8.685109715748e-12 
 2536       8.659872860734e-12 
 2537       8.635094820414e-12 
 2538       8.610776190207e-12 
 2539       8.586917564671e-12 
 2540       8.563519537502e-12 
 2541       8.540582701528e-12 
 2542       8.518107648711e-12 
 2543       8.496094970144e-12 
 2544       8.474545256047e-12 
 2545       8.453459095771e-12 
 2546       8.432837077789e-12 
 2547       8.412679789701e-12 
 2548       8.392987818226e-12 
 2549       8.373761749206e-12 
 2550       8.355002167599e-12 
 2551       8.336709657482e-12 
 2552       8.318884802045e-12 
 2553       8.301528183592e-12 
 2554       8.284640383538e-12 
 2555       8.268220928541e-12 
 2556       8.252265122296e-12 
 2557       8.236767195578e-12 
 2558       8.221721358443e-12 
 2559       8.207121800201e-12 
 2560       8.192962689401e-12 
 2561       8.179238173805e-12 
 2562       8.165942380371e-12 
 2563       8.153069415227e-12 
 2564       8.140613363655e-12 
 2565       8.128568290066e-12 
 2566       8.116928237981e-12 
 2567       8.105687230009e-12 
 2568       8.094839267826e-12 
 2569       8.084378332154e-12 
 2570       8.074298382738e-12 
 2571       8.064593358330e-12 
 2572       8.055257176661e-12 
 2573       8.046283734426e-12 
 2574       8.037666907258e-12 
 2575       8.029400549711e-12 
 2576       8.021478495234e-12 
 2577       8.013894556157e-12 
 2578       8.006642523661e-12 
 2579       7.999716167764e-12 
 2580       7.993109237297e-12 
 2581       7.986815459883e-12 
 2582       7.980828541916e-12 
 2583       7.975142168540e-12 
 2584       7.969750003627e-12 
 2585       7.964645689757e-12 
 2586       7.959822848197e-12 
 2587       7.955275078878e-12 
 2588       7.950995960376e-12 
 2589       7.946979049890e-12 
 2590       7.943217883222e-12 
 2591       7.939705974752e-12 
 2592       7.936436817421e-12 
 2593       7.933403882708e-12 
 2594       7.930604838565e-12 
 2595       7.928054229268e-12 
 2596       7.925770867104e-12 
 2597       7.923773620967e-12 
 2598       7.922081416416e-12 
 2599       7.920713235726e-12 
 2600       7.919688117944e-12 
