# dimensionless total [l(l+1)/2pi] C_l's
# for l=2 to 2600, i.e. number of multipoles equal to 2599
#
# -> if you prefer output in CAMB/HealPix/LensPix units/order, set 'format' to 'camb' in input file
# -> if you don't want to see such a header, set 'headers' to 'no' in input file
#
# 1:l     2:TT                 
    2       1.329878709880e-10 
    3       1.275091822654e-10 
    4       1.213781872150e-10 
    5       1.167511150984e-10 
    6       1.135866363371e-10 
    7       1.115971381415e-10 
    8       1.104621221975e-10 
    9       1.099785679647e-10 
   10       1.099773710131e-10 
   11       1.103516964340e-10 
   12       1.110573316954e-10 
   13       1.119771432452e-10 
   14       1.130381024460e-10 
   15       1.142683607596e-10 
   16       1.156804490769e-10 
   17       1.171418400624e-10 
   18       1.187033924025e-10 
   19       1.203814759449e-10 
   20       1.221061758404e-10 
   21       1.238917829498e-10 
   22       1.257467716468e-10 
   23       1.276610580480e-10 
   24       1.296004596063e-10 
   25       1.315770301158e-10 
   26       1.336028731926e-10 
   27       1.356855499359e-10 
   28       1.378128167386e-10 
   29       1.399584091443e-10 
   30       1.421294947605e-10 
   31       1.443344647584e-10 
   32       1.465726353403e-10 
   33       1.488465015282e-10 
   34       1.511516479787e-10 
   35       1.534778252836e-10 
   36       1.558281201667e-10 
   37       1.582048494080e-10 
   38       1.606035258756e-10 
   39       1.630167805302e-10 
   40       1.654495597490e-10 
   41       1.679078556383e-10 
   42       1.703940935816e-10 
   43       1.729083222279e-10 
   44       1.754531660714e-10 
   45       1.780297488181e-10 
   46       1.806359541197e-10 
   47       1.832661299753e-10 
   48       1.859137019458e-10 
   49       1.885805735973e-10 
   50       1.912698680567e-10 
   51       1.939831069907e-10 
   52       1.967200634170e-10 
   53       1.994798615663e-10 
   54       2.022649473192e-10 
   55       2.050778822089e-10 
   56       2.079200929700e-10 
   57       2.107917766368e-10 
   58       2.136918056409e-10 
   59       2.166185964508e-10 
   60       2.195731665927e-10 
   61       2.225566210968e-10 
   62       2.255691904080e-10 
   63       2.286101681467e-10 
   64       2.316778488692e-10 
   65       2.347704816625e-10 
   66       2.378895054612e-10 
   67       2.410368896805e-10 
   68       2.442141456490e-10 
   69       2.474222927838e-10 
   70       2.506618247664e-10 
   71       2.539326757177e-10 
   72       2.572346110973e-10 
   73       2.605685624323e-10 
   74       2.639354888560e-10 
   75       2.673359513675e-10 
   76       2.707700887040e-10 
   77       2.742375932131e-10 
   78       2.777376867250e-10 
   79       2.812690964248e-10 
   80       2.848305835369e-10 
   81       2.884226881965e-10 
   82       2.920462449764e-10 
   83       2.957018433126e-10 
   84       2.993898136144e-10 
   85       3.031102133735e-10 
   86       3.068628132738e-10 
   87       3.106470833010e-10 
   88       3.144621788518e-10 
   89       3.183072734986e-10 
   90       3.221826473831e-10 
   91       3.260887447586e-10 
   92       3.300258339582e-10 
   93       3.339939986979e-10 
   94       3.379931293794e-10 
   95       3.420229143928e-10 
   96       3.460828314197e-10 
   97       3.501721387359e-10 
   98       3.542898665144e-10 
   99       3.584350617124e-10 
  100       3.626075811097e-10 
  101       3.668073949636e-10 
  102       3.710343378929e-10 
  103       3.752881032548e-10 
  104       3.795682375216e-10 
  105       3.838741346572e-10 
  106       3.882050304937e-10 
  107       3.925599971081e-10 
  108       3.969379371988e-10 
  109       4.013375784623e-10 
  110       4.057576952219e-10 
  111       4.101978176143e-10 
  112       4.146576030622e-10 
  113       4.191366137839e-10 
  114       4.236343134038e-10 
  115       4.281500635620e-10 
  116       4.326831205247e-10 
  117       4.372326317942e-10 
  118       4.417976327189e-10 
  119       4.463770431032e-10 
  120       4.509696638179e-10 
  121       4.555741734098e-10 
  122       4.601891247123e-10 
  123       4.648131145874e-10 
  124       4.694453224547e-10 
  125       4.740850275296e-10 
  126       4.787314392246e-10 
  127       4.833836951220e-10 
  128       4.880408589460e-10 
  129       4.927019185350e-10 
  130       4.973657838138e-10 
  131       5.020312847655e-10 
  132       5.066971694043e-10 
  133       5.113621017473e-10 
  134       5.160246597869e-10 
  135       5.206833334630e-10 
  136       5.253365226353e-10 
  137       5.299826776379e-10 
  138       5.346207416522e-10 
  139       5.392497504788e-10 
  140       5.438686929498e-10 
  141       5.484765098063e-10 
  142       5.530720925754e-10 
  143       5.576542824475e-10 
  144       5.622218691536e-10 
  145       5.667735898422e-10 
  146       5.713081279571e-10 
  147       5.758241121140e-10 
  148       5.803201149783e-10 
  149       5.847946521418e-10 
  150       5.892461810004e-10 
  151       5.936730996309e-10 
  152       5.980737456687e-10 
  153       6.024465175709e-10 
  154       6.067902534513e-10 
  155       6.111038854769e-10 
  156       6.153863201501e-10 
  157       6.196364378095e-10 
  158       6.238530921303e-10 
  159       6.280351096250e-10 
  160       6.321812891436e-10 
  161       6.362904013747e-10 
  162       6.403611883454e-10 
  163       6.443923629222e-10 
  164       6.483826083116e-10 
  165       6.523305775602e-10 
  166       6.562348930560e-10 
  167       6.600941460279e-10 
  168       6.639068960473e-10 
  169       6.676716705277e-10 
  170       6.713869642261e-10 
  171       6.750513375768e-10 
  172       6.786637219428e-10 
  173       6.822231389778e-10 
  174       6.857286039888e-10 
  175       6.891791258387e-10 
  176       6.925737068509e-10 
  177       6.959113427126e-10 
  178       6.991910223788e-10 
  179       7.024117279761e-10 
  180       7.055724347064e-10 
  181       7.086721107503e-10 
  182       7.117097171718e-10 
  183       7.146842078212e-10 
  184       7.175945292392e-10 
  185       7.204396205607e-10 
  186       7.232184134185e-10 
  187       7.259298318472e-10 
  188       7.285727921868e-10 
  189       7.311462029866e-10 
  190       7.336489649089e-10 
  191       7.360800443389e-10 
  192       7.384387005803e-10 
  193       7.407242755553e-10 
  194       7.429361217746e-10 
  195       7.450736024829e-10 
  196       7.471360918034e-10 
  197       7.491229748829e-10 
  198       7.510336480367e-10 
  199       7.528675188940e-10 
  200       7.546240065421e-10 
  201       7.563025416721e-10 
  202       7.579025667231e-10 
  203       7.594235360281e-10 
  204       7.608649159579e-10 
  205       7.622261850671e-10 
  206       7.635068342381e-10 
  207       7.647063668269e-10 
  208       7.658242988073e-10 
  209       7.668601589166e-10 
  210       7.678134887998e-10 
  211       7.686838431553e-10 
  212       7.694707898793e-10 
  213       7.701739495533e-10 
  214       7.707931165715e-10 
  215       7.713281464769e-10 
  216       7.717789176012e-10 
  217       7.721453313134e-10 
  218       7.724273122682e-10 
  219       7.726248086548e-10 
  220       7.727377924450e-10 
  221       7.727662596422e-10 
  222       7.727102305295e-10 
  223       7.725697499187e-10 
  224       7.723448873983e-10 
  225       7.720357375824e-10 
  226       7.716424203593e-10 
  227       7.711650811397e-10 
  228       7.706038911053e-10 
  229       7.699590474576e-10 
  230       7.692307736664e-10 
  231       7.684193197178e-10 
  232       7.675249623634e-10 
  233       7.665480053686e-10 
  234       7.654887797608e-10 
  235       7.643476440787e-10 
  236       7.631249846198e-10 
  237       7.618212156898e-10 
  238       7.604367756355e-10 
  239       7.589721141635e-10 
  240       7.574277047352e-10 
  241       7.558040489514e-10 
  242       7.541016767919e-10 
  243       7.523211468553e-10 
  244       7.504630465985e-10 
  245       7.485279925762e-10 
  246       7.465166306808e-10 
  247       7.444296363819e-10 
  248       7.422677149661e-10 
  249       7.400316017763e-10 
  250       7.377220624516e-10 
  251       7.353398931671e-10 
  252       7.328859208730e-10 
  253       7.303610035348e-10 
  254       7.277660303726e-10 
  255       7.251019221009e-10 
  256       7.223696311681e-10 
  257       7.195701419962e-10 
  258       7.167044712207e-10 
  259       7.137736679297e-10 
  260       7.107788139040e-10 
  261       7.077210238565e-10 
  262       7.046014456719e-10 
  263       7.014212606466e-10 
  264       6.981816837276e-10 
  265       6.948839637531e-10 
  266       6.915293256154e-10 
  267       6.881187927792e-10 
  268       6.846533555922e-10 
  269       6.811340286341e-10 
  270       6.775618508578e-10 
  271       6.739378857318e-10 
  272       6.702632213807e-10 
  273       6.665389707274e-10 
  274       6.627662716343e-10 
  275       6.589462870449e-10 
  276       6.550802051253e-10 
  277       6.511692394057e-10 
  278       6.472146289219e-10 
  279       6.432176383570e-10 
  280       6.391795581827e-10 
  281       6.351017048006e-10 
  282       6.309854206844e-10 
  283       6.268320745206e-10 
  284       6.226430613508e-10 
  285       6.184198027124e-10 
  286       6.141637467809e-10 
  287       6.098763685107e-10 
  288       6.055591697773e-10 
  289       6.012136795182e-10 
  290       5.968414538749e-10 
  291       5.924440763339e-10 
  292       5.880231578687e-10 
  293       5.835803370811e-10 
  294       5.791172803428e-10 
  295       5.746356819367e-10 
  296       5.701372641986e-10 
  297       5.656236738819e-10 
  298       5.610961653777e-10 
  299       5.565559023401e-10 
  300       5.520040600732e-10 
  301       5.474418255316e-10 
  302       5.428703973215e-10 
  303       5.382909857015e-10 
  304       5.337048125832e-10 
  305       5.291131115323e-10 
  306       5.245171277692e-10 
  307       5.199181181697e-10 
  308       5.153173512662e-10 
  309       5.107161072481e-10 
  310       5.061156779628e-10 
  311       5.015173669166e-10 
  312       4.969224892753e-10 
  313       4.923323718651e-10 
  314       4.877483531735e-10 
  315       4.831717833499e-10 
  316       4.786040242066e-10 
  317       4.740464492195e-10 
  318       4.695004435289e-10 
  319       4.649674039406e-10 
  320       4.604487389260e-10 
  321       4.559458686238e-10 
  322       4.514602248402e-10 
  323       4.469932510497e-10 
  324       4.425464023965e-10 
  325       4.381211456944e-10 
  326       4.337189594286e-10 
  327       4.293413337557e-10 
  328       4.249897705048e-10 
  329       4.206657831785e-10 
  330       4.163708969534e-10 
  331       4.121066486811e-10 
  332       4.078744682754e-10 
  333       4.036753171562e-10 
  334       3.995100340292e-10 
  335       3.953794519493e-10 
  336       3.912843981923e-10 
  337       3.872256941273e-10 
  338       3.832041550883e-10 
  339       3.792205902468e-10 
  340       3.752758024833e-10 
  341       3.713705882599e-10 
  342       3.675057374920e-10 
  343       3.636820334205e-10 
  344       3.599002524838e-10 
  345       3.561611641899e-10 
  346       3.524655309886e-10 
  347       3.488141081432e-10 
  348       3.452076436030e-10 
  349       3.416468778749e-10 
  350       3.381325438960e-10 
  351       3.346653669051e-10 
  352       3.312460643152e-10 
  353       3.278753455854e-10 
  354       3.245539120928e-10 
  355       3.212824570049e-10 
  356       3.180616651513e-10 
  357       3.148922128961e-10 
  358       3.117747680098e-10 
  359       3.087099895413e-10 
  360       3.056985276899e-10 
  361       3.027410236777e-10 
  362       2.998381096213e-10 
  363       2.969904084042e-10 
  364       2.941985335486e-10 
  365       2.914630890873e-10 
  366       2.887846694362e-10 
  367       2.861638592664e-10 
  368       2.836012333755e-10 
  369       2.810973565605e-10 
  370       2.786527834896e-10 
  371       2.762679977351e-10 
  372       2.739432265050e-10 
  373       2.716786184166e-10 
  374       2.694743035011e-10 
  375       2.673303930229e-10 
  376       2.652469792986e-10 
  377       2.632241355164e-10 
  378       2.612619155551e-10 
  379       2.593603538033e-10 
  380       2.575194649785e-10 
  381       2.557392439465e-10 
  382       2.540196655402e-10 
  383       2.523606843792e-10 
  384       2.507622346883e-10 
  385       2.492242301175e-10 
  386       2.477465635606e-10 
  387       2.463291069743e-10 
  388       2.449717111980e-10 
  389       2.436742057721e-10 
  390       2.424363987579e-10 
  391       2.412580765563e-10 
  392       2.401390037271e-10 
  393       2.390789228084e-10 
  394       2.380775541352e-10 
  395       2.371345956592e-10 
  396       2.362497227676e-10 
  397       2.354225881023e-10 
  398       2.346528213791e-10 
  399       2.339400292069e-10 
  400       2.332837949067e-10 
  401       2.326836783311e-10 
  402       2.321392156831e-10 
  403       2.316499193355e-10 
  404       2.312152776498e-10 
  405       2.308347547958e-10 
  406       2.305077905704e-10 
  407       2.302338002167e-10 
  408       2.300121742435e-10 
  409       2.298422782444e-10 
  410       2.297234933506e-10 
  411       2.296553395385e-10 
  412       2.296373563345e-10 
  413       2.296690624237e-10 
  414       2.297499554987e-10 
  415       2.298795121071e-10 
  416       2.300571874999e-10 
  417       2.302824154794e-10 
  418       2.305546082475e-10 
  419       2.308731562537e-10 
  420       2.312374280432e-10 
  421       2.316467701050e-10 
  422       2.321005067200e-10 
  423       2.325979398091e-10 
  424       2.331383487814e-10 
  425       2.337209903820e-10 
  426       2.343450985406e-10 
  427       2.350098842191e-10 
  428       2.357145352598e-10 
  429       2.364582162340e-10 
  430       2.372400682893e-10 
  431       2.380592089982e-10 
  432       2.389147322064e-10 
  433       2.398057078802e-10 
  434       2.407311819551e-10 
  435       2.416901761841e-10 
  436       2.426816879851e-10 
  437       2.437046902896e-10 
  438       2.447581313905e-10 
  439       2.458409347906e-10 
  440       2.469519990499e-10 
  441       2.480901976347e-10 
  442       2.492543787648e-10 
  443       2.504433652622e-10 
  444       2.516559543990e-10 
  445       2.528909177455e-10 
  446       2.541470010181e-10 
  447       2.554229239279e-10 
  448       2.567173800282e-10 
  449       2.580291581789e-10 
  450       2.593575115748e-10 
  451       2.607018003639e-10 
  452       2.620613710311e-10 
  453       2.634355563190e-10 
  454       2.648236751482e-10 
  455       2.662250325374e-10 
  456       2.676389195239e-10 
  457       2.690646130839e-10 
  458       2.705013760529e-10 
  459       2.719484570457e-10 
  460       2.734050903773e-10 
  461       2.748704959827e-10 
  462       2.763438793374e-10 
  463       2.778244313779e-10 
  464       2.793113284218e-10 
  465       2.808037320882e-10 
  466       2.823007892182e-10 
  467       2.838016317948e-10 
  468       2.853053768638e-10 
  469       2.868111264537e-10 
  470       2.883179674961e-10 
  471       2.898249717462e-10 
  472       2.913311957028e-10 
  473       2.928356805293e-10 
  474       2.943374519730e-10 
  475       2.958355202864e-10 
  476       2.973288801471e-10 
  477       2.988165105780e-10 
  478       3.002973748679e-10 
  479       3.017704204917e-10 
  480       3.032345790306e-10 
  481       3.046887660929e-10 
  482       3.061318812337e-10 
  483       3.075628078757e-10 
  484       3.089804132292e-10 
  485       3.103835482128e-10 
  486       3.117710473734e-10 
  487       3.131417288066e-10 
  488       3.144945378060e-10 
  489       3.158289826826e-10 
  490       3.171447117776e-10 
  491       3.184413709008e-10 
  492       3.197186033230e-10 
  493       3.209760497688e-10 
  494       3.222133484091e-10 
  495       3.234301348538e-10 
  496       3.246260421443e-10 
  497       3.258007007460e-10 
  498       3.269537385414e-10 
  499       3.280847808220e-10 
  500       3.291934502814e-10 
  501       3.302793670077e-10 
  502       3.313421484764e-10 
  503       3.323814095424e-10 
  504       3.333967624333e-10 
  505       3.343878167416e-10 
  506       3.353541794172e-10 
  507       3.362954547604e-10 
  508       3.372112444143e-10 
  509       3.381011473573e-10 
  510       3.389647598959e-10 
  511       3.398016756570e-10 
  512       3.406114855811e-10 
  513       3.413937779142e-10 
  514       3.421481382008e-10 
  515       3.428741492765e-10 
  516       3.435713912605e-10 
  517       3.442394415482e-10 
  518       3.448778748040e-10 
  519       3.454862629536e-10 
  520       3.460641751768e-10 
  521       3.466111779000e-10 
  522       3.471268347891e-10 
  523       3.476107067415e-10 
  524       3.480623518794e-10 
  525       3.484813255420e-10 
  526       3.488671802781e-10 
  527       3.492195630715e-10 
  528       3.495385099835e-10 
  529       3.498241596324e-10 
  530       3.500766567316e-10 
  531       3.502961521239e-10 
  532       3.504828028159e-10 
  533       3.506367720129e-10 
  534       3.507582291534e-10 
  535       3.508473499432e-10 
  536       3.509043163904e-10 
  537       3.509293168398e-10 
  538       3.509225460074e-10 
  539       3.508842050149e-10 
  540       3.508145014242e-10 
  541       3.507136492724e-10 
  542       3.505818691054e-10 
  543       3.504193880136e-10 
  544       3.502264396654e-10 
  545       3.500032643423e-10 
  546       3.497501089735e-10 
  547       3.494672271698e-10 
  548       3.491548792592e-10 
  549       3.488133323203e-10 
  550       3.484428602175e-10 
  551       3.480437436357e-10 
  552       3.476162701141e-10 
  553       3.471607340814e-10 
  554       3.466774368902e-10 
  555       3.461666868512e-10 
  556       3.456287992681e-10 
  557       3.450640964722e-10 
  558       3.444729078564e-10 
  559       3.438555699105e-10 
  560       3.432124262549e-10 
  561       3.425438276760e-10 
  562       3.418501321600e-10 
  563       3.411317049280e-10 
  564       3.403889184699e-10 
  565       3.396221525798e-10 
  566       3.388318070400e-10 
  567       3.380183399642e-10 
  568       3.371822305093e-10 
  569       3.363239663535e-10 
  570       3.354440437356e-10 
  571       3.345429674942e-10 
  572       3.336212511070e-10 
  573       3.326794167301e-10 
  574       3.317179952371e-10 
  575       3.307375262589e-10 
  576       3.297385582220e-10 
  577       3.287216483889e-10 
  578       3.276873628965e-10 
  579       3.266362767957e-10 
  580       3.255689740908e-10 
  581       3.244860477785e-10 
  582       3.233880998872e-10 
  583       3.222757415165e-10 
  584       3.211495928763e-10 
  585       3.200102833260e-10 
  586       3.188584514139e-10 
  587       3.176947449166e-10 
  588       3.165198208776e-10 
  589       3.153343456476e-10 
  590       3.141389949229e-10 
  591       3.129344537852e-10 
  592       3.117214167403e-10 
  593       3.105005877582e-10 
  594       3.092726803115e-10 
  595       3.080384174152e-10 
  596       3.067985316660e-10 
  597       3.055537652810e-10 
  598       3.043048701378e-10 
  599       3.030526078131e-10 
  600       3.017977496222e-10 
  601       3.005410766582e-10 
  602       2.992833798315e-10 
  603       2.980254599089e-10 
  604       2.967681275526e-10 
  605       2.955121411383e-10 
  606       2.942580184828e-10 
  607       2.930062206606e-10 
  608       2.917572138334e-10 
  609       2.905114692696e-10 
  610       2.892694633631e-10 
  611       2.880316776521e-10 
  612       2.867985988379e-10 
  613       2.855707188040e-10 
  614       2.843485346350e-10 
  615       2.831325486353e-10 
  616       2.819232683483e-10 
  617       2.807212065749e-10 
  618       2.795268813930e-10 
  619       2.783408161757e-10 
  620       2.771635396106e-10 
  621       2.759955857189e-10 
  622       2.748374938737e-10 
  623       2.736898088196e-10 
  624       2.725530806908e-10 
  625       2.714278650310e-10 
  626       2.703147228112e-10 
  627       2.692142204497e-10 
  628       2.681269298299e-10 
  629       2.670534283203e-10 
  630       2.659942987925e-10 
  631       2.649501296406e-10 
  632       2.639215147999e-10 
  633       2.629090537659e-10 
  634       2.619133516133e-10 
  635       2.609350190145e-10 
  636       2.599746722591e-10 
  637       2.590329332721e-10 
  638       2.581104296336e-10 
  639       2.572077945969e-10 
  640       2.563256671080e-10 
  641       2.554646918242e-10 
  642       2.546255191333e-10 
  643       2.538088051718e-10 
  644       2.530151231885e-10 
  645       2.522446953908e-10 
  646       2.514976550672e-10 
  647       2.507741346870e-10 
  648       2.500742658937e-10 
  649       2.493981794988e-10 
  650       2.487460054742e-10 
  651       2.481178729463e-10 
  652       2.475139101888e-10 
  653       2.469342446163e-10 
  654       2.463790027773e-10 
  655       2.458483103478e-10 
  656       2.453422921241e-10 
  657       2.448610720168e-10 
  658       2.444047730435e-10 
  659       2.439735173222e-10 
  660       2.435674260649e-10 
  661       2.431866195706e-10 
  662       2.428312172186e-10 
  663       2.425013374618e-10 
  664       2.421970978202e-10 
  665       2.419186148739e-10 
  666       2.416660042566e-10 
  667       2.414393806488e-10 
  668       2.412388577711e-10 
  669       2.410645483774e-10 
  670       2.409165642484e-10 
  671       2.407950161847e-10 
  672       2.407000140002e-10 
  673       2.406316665153e-10 
  674       2.405900815503e-10 
  675       2.405753659186e-10 
  676       2.405876254200e-10 
  677       2.406269648341e-10 
  678       2.406934879133e-10 
  679       2.407872973764e-10 
  680       2.409084949019e-10 
  681       2.410571811211e-10 
  682       2.412334556112e-10 
  683       2.414373574613e-10 
  684       2.416686855887e-10 
  685       2.419271745735e-10 
  686       2.422125537175e-10 
  687       2.425245470216e-10 
  688       2.428628731645e-10 
  689       2.432272454803e-10 
  690       2.436173719366e-10 
  691       2.440329551127e-10 
  692       2.444736921774e-10 
  693       2.449392748672e-10 
  694       2.454293894643e-10 
  695       2.459437167745e-10 
  696       2.464819321052e-10 
  697       2.470437052438e-10 
  698       2.476287004352e-10 
  699       2.482365763602e-10 
  700       2.488669861133e-10 
  701       2.495195771810e-10 
  702       2.501939914196e-10 
  703       2.508898650331e-10 
  704       2.516068285516e-10 
  705       2.523445068090e-10 
  706       2.531025189214e-10 
  707       2.538804782645e-10 
  708       2.546779924523e-10 
  709       2.554946633146e-10 
  710       2.563300868756e-10 
  711       2.571838533311e-10 
  712       2.580555470274e-10 
  713       2.589447464387e-10 
  714       2.598510241455e-10 
  715       2.607739468124e-10 
  716       2.617130751661e-10 
  717       2.626679639737e-10 
  718       2.636381620205e-10 
  719       2.646232120880e-10 
  720       2.656226509322e-10 
  721       2.666360092611e-10 
  722       2.676628139217e-10 
  723       2.687025945519e-10 
  724       2.697548770192e-10 
  725       2.708191812031e-10 
  726       2.718950209733e-10 
  727       2.729819041691e-10 
  728       2.740793325767e-10 
  729       2.751868019089e-10 
  730       2.763038017828e-10 
  731       2.774298156987e-10 
  732       2.785643210189e-10 
  733       2.797067889454e-10 
  734       2.808566844993e-10 
  735       2.820134664989e-10 
  736       2.831765875383e-10 
  737       2.843454939659e-10 
  738       2.855196258631e-10 
  739       2.866984170225e-10 
  740       2.878812949269e-10 
  741       2.890676807275e-10 
  742       2.902569892223e-10 
  743       2.914486288351e-10 
  744       2.926420015936e-10 
  745       2.938365031083e-10 
  746       2.950315225507e-10 
  747       2.962264426319e-10 
  748       2.974206395813e-10 
  749       2.986134831251e-10 
  750       2.998043364646e-10 
  751       3.009925562552e-10 
  752       3.021774925842e-10 
  753       3.033584889502e-10 
  754       3.045348822408e-10 
  755       3.057060027119e-10 
  756       3.068711739656e-10 
  757       3.080297129292e-10 
  758       3.091809298333e-10 
  759       3.103241281907e-10 
  760       3.114586047748e-10 
  761       3.125837064815e-10 
  762       3.136990021535e-10 
  763       3.148041140073e-10 
  764       3.158986610385e-10 
  765       3.169822590122e-10 
  766       3.180545204532e-10 
  767       3.191150546362e-10 
  768       3.201634675763e-10 
  769       3.211993620194e-10 
  770       3.222223374321e-10 
  771       3.232319899923e-10 
  772       3.242279125795e-10 
  773       3.252096947651e-10 
  774       3.261769228025e-10 
  775       3.271291796177e-10 
  776       3.280660447994e-10 
  777       3.289870945894e-10 
  778       3.298919018727e-10 
  779       3.307800361682e-10 
  780       3.316510636188e-10 
  781       3.325045469814e-10 
  782       3.333400456178e-10 
  783       3.341571154844e-10 
  784       3.349553091231e-10 
  785       3.357341756510e-10 
  786       3.364932607512e-10 
  787       3.372321066628e-10 
  788       3.379502521715e-10 
  789       3.386472325994e-10 
  790       3.393225797958e-10 
  791       3.399758221274e-10 
  792       3.406064844683e-10 
  793       3.412140881907e-10 
  794       3.417981511551e-10 
  795       3.423581877003e-10 
  796       3.428937086340e-10 
  797       3.434042212233e-10 
  798       3.438892291844e-10 
  799       3.443482326735e-10 
  800       3.447808024774e-10 
  801       3.451868040900e-10 
  802       3.455661777041e-10 
  803       3.459188643845e-10 
  804       3.462448060731e-10 
  805       3.465439455924e-10 
  806       3.468162266500e-10 
  807       3.470615938429e-10 
  808       3.472799926614e-10 
  809       3.474713694935e-10 
  810       3.476356716291e-10 
  811       3.477728472641e-10 
  812       3.478828455046e-10 
  813       3.479656163714e-10 
  814       3.480211108037e-10 
  815       3.480492806636e-10 
  816       3.480500787404e-10 
  817       3.480234587544e-10 
  818       3.479693753616e-10 
  819       3.478877841574e-10 
  820       3.477786416814e-10 
  821       3.476419054208e-10 
  822       3.474775338154e-10 
  823       3.472854862613e-10 
  824       3.470657231153e-10 
  825       3.468182056990e-10 
  826       3.465428963030e-10 
  827       3.462397581912e-10 
  828       3.459087556051e-10 
  829       3.455498537674e-10 
  830       3.451630188872e-10 
  831       3.447482181632e-10 
  832       3.443054197885e-10 
  833       3.438345929547e-10 
  834       3.433357078559e-10 
  835       3.428087356931e-10 
  836       3.422536486784e-10 
  837       3.416704200391e-10 
  838       3.410590240218e-10 
  839       3.404194843945e-10 
  840       3.397520208682e-10 
  841       3.390569052305e-10 
  842       3.383344130916e-10 
  843       3.375848238962e-10 
  844       3.368084209368e-10 
  845       3.360054913651e-10 
  846       3.351763262054e-10 
  847       3.343212203666e-10 
  848       3.334404726545e-10 
  849       3.325343857849e-10 
  850       3.316032663952e-10 
  851       3.306474250576e-10 
  852       3.296671762910e-10 
  853       3.286628385741e-10 
  854       3.276347343570e-10 
  855       3.265831900745e-10 
  856       3.255085361579e-10 
  857       3.244111070480e-10 
  858       3.232912412070e-10 
  859       3.221492811316e-10 
  860       3.209855733648e-10 
  861       3.198004685088e-10 
  862       3.185943212373e-10 
  863       3.173674903080e-10 
  864       3.161203385751e-10 
  865       3.148532330016e-10 
  866       3.135665446718e-10 
  867       3.122606488039e-10 
  868       3.109359247623e-10 
  869       3.095927560702e-10 
  870       3.082315304220e-10 
  871       3.068526396956e-10 
  872       3.054564799651e-10 
  873       3.040434515131e-10 
  874       3.026139588432e-10 
  875       3.011684106925e-10 
  876       2.997072200439e-10 
  877       2.982308041390e-10 
  878       2.967395833371e-10 
  879       2.952339776494e-10 
  880       2.937144101722e-10 
  881       2.921813082467e-10 
  882       2.906351034714e-10 
  883       2.890762317143e-10 
  884       2.875051331251e-10 
  885       2.859222521475e-10 
  886       2.843280375316e-10 
  887       2.827229423462e-10 
  888       2.811074239908e-10 
  889       2.794819442081e-10 
  890       2.778469690963e-10 
  891       2.762029691213e-10 
  892       2.745504191289e-10 
  893       2.728897983574e-10 
  894       2.712215904493e-10 
  895       2.695462834641e-10 
  896       2.678643698906e-10 
  897       2.661763466586e-10 
  898       2.644827151518e-10 
  899       2.627839812198e-10 
  900       2.610806551903e-10 
  901       2.593732518817e-10 
  902       2.576622906150e-10 
  903       2.559482952263e-10 
  904       2.542317940789e-10 
  905       2.525133200759e-10 
  906       2.507934106722e-10 
  907       2.490726078868e-10 
  908       2.473514583152e-10 
  909       2.456305131416e-10 
  910       2.439103281511e-10 
  911       2.421914637422e-10 
  912       2.404744849389e-10 
  913       2.387599614030e-10 
  914       2.370484674464e-10 
  915       2.353405820433e-10 
  916       2.336368888427e-10 
  917       2.319379314469e-10 
  918       2.302440784420e-10 
  919       2.285556562431e-10 
  920       2.268729936382e-10 
  921       2.251964217947e-10 
  922       2.235262742648e-10 
  923       2.218628869921e-10 
  924       2.202065983166e-10 
  925       2.185577489815e-10 
  926       2.169166821384e-10 
  927       2.152837433535e-10 
  928       2.136592806136e-10 
  929       2.120436443319e-10 
  930       2.104371873537e-10 
  931       2.088402649626e-10 
  932       2.072532348864e-10 
  933       2.056764573025e-10 
  934       2.041102948447e-10 
  935       2.025551126081e-10 
  936       2.010112781559e-10 
  937       1.994791615246e-10 
  938       1.979591352303e-10 
  939       1.964515742745e-10 
  940       1.949568561499e-10 
  941       1.934753608464e-10 
  942       1.920074708572e-10 
  943       1.905535711843e-10 
  944       1.891140493446e-10 
  945       1.876892953758e-10 
  946       1.862797018423e-10 
  947       1.848856638412e-10 
  948       1.835075790079e-10 
  949       1.821458475225e-10 
  950       1.808008721150e-10 
  951       1.794730580719e-10 
  952       1.781628132416e-10 
  953       1.768705480408e-10 
  954       1.755966754598e-10 
  955       1.743416110687e-10 
  956       1.731057142889e-10 
  957       1.718891112109e-10 
  958       1.706918690816e-10 
  959       1.695140547913e-10 
  960       1.683557348721e-10 
  961       1.672169754961e-10 
  962       1.660978424736e-10 
  963       1.649984012513e-10 
  964       1.639187169105e-10 
  965       1.628588541652e-10 
  966       1.618188773604e-10 
  967       1.607988504704e-10 
  968       1.597988370967e-10 
  969       1.588189004663e-10 
  970       1.578591034303e-10 
  971       1.569195084614e-10 
  972       1.560001776526e-10 
  973       1.551011727153e-10 
  974       1.542225549775e-10 
  975       1.533643853817e-10 
  976       1.525267244835e-10 
  977       1.517096324497e-10 
  978       1.509131690564e-10 
  979       1.501373936872e-10 
  980       1.493823653315e-10 
  981       1.486481425824e-10 
  982       1.479347836355e-10 
  983       1.472423462864e-10 
  984       1.465708879294e-10 
  985       1.459204655554e-10 
  986       1.452911357504e-10 
  987       1.446829546934e-10 
  988       1.440959781545e-10 
  989       1.435302614938e-10 
  990       1.429858596586e-10 
  991       1.424628271823e-10 
  992       1.419612181826e-10 
  993       1.414810863591e-10 
  994       1.410224849922e-10 
  995       1.405854270780e-10 
  996       1.401697650970e-10 
  997       1.397753094769e-10 
  998       1.394018682890e-10 
  999       1.390492472413e-10 
 1000       1.387172496723e-10 
 1001       1.384056765438e-10 
 1002       1.381143264347e-10 
 1003       1.378429955343e-10 
 1004       1.375914776354e-10 
 1005       1.373595641282e-10 
 1006       1.371470439931e-10 
 1007       1.369537037943e-10 
 1008       1.367793276735e-10 
 1009       1.366236973425e-10 
 1010       1.364865920775e-10 
 1011       1.363677887116e-10 
 1012       1.362670616288e-10 
 1013       1.361841827571e-10 
 1014       1.361189215618e-10 
 1015       1.360710450393e-10 
 1016       1.360403177097e-10 
 1017       1.360265016110e-10 
 1018       1.360293562919e-10 
 1019       1.360486388053e-10 
 1020       1.360841037020e-10 
 1021       1.361355030235e-10 
 1022       1.362025862959e-10 
 1023       1.362851005230e-10 
 1024       1.363827901794e-10 
 1025       1.364953972047e-10 
 1026       1.366226609961e-10 
 1027       1.367643184018e-10 
 1028       1.369201037150e-10 
 1029       1.370897486667e-10 
 1030       1.372729824190e-10 
 1031       1.374695315592e-10 
 1032       1.376791200921e-10 
 1033       1.379014694344e-10 
 1034       1.381362961728e-10 
 1035       1.383833053192e-10 
 1036       1.386421969471e-10 
 1037       1.389126684111e-10 
 1038       1.391944143395e-10 
 1039       1.394871266278e-10 
 1040       1.397904944318e-10 
 1041       1.401042041604e-10 
 1042       1.404279394690e-10 
 1043       1.407613812527e-10 
 1044       1.411042076391e-10 
 1045       1.414560939817e-10 
 1046       1.418167128529e-10 
 1047       1.421857340371e-10 
 1048       1.425628245238e-10 
 1049       1.429476485009e-10 
 1050       1.433398673477e-10 
 1051       1.437391396279e-10 
 1052       1.441451210829e-10 
 1053       1.445574646247e-10 
 1054       1.449758203295e-10 
 1055       1.453998354302e-10 
 1056       1.458291543099e-10 
 1057       1.462634184949e-10 
 1058       1.467022666481e-10 
 1059       1.471453345614e-10 
 1060       1.475922551496e-10 
 1061       1.480426584433e-10 
 1062       1.484961715816e-10 
 1063       1.489524188058e-10 
 1064       1.494110214523e-10 
 1065       1.498715979454e-10 
 1066       1.503337637911e-10 
 1067       1.507971315694e-10 
 1068       1.512613109282e-10 
 1069       1.517259085759e-10 
 1070       1.521905282747e-10 
 1071       1.526547708336e-10 
 1072       1.531182341020e-10 
 1073       1.535805436062e-10 
 1074       1.540414449333e-10 
 1075       1.545007125917e-10 
 1076       1.549581194779e-10 
 1077       1.554134368724e-10 
 1078       1.558664344362e-10 
 1079       1.563168802070e-10 
 1080       1.567645405957e-10 
 1081       1.572091803824e-10 
 1082       1.576505627129e-10 
 1083       1.580884490952e-10 
 1084       1.585225993954e-10 
 1085       1.589527718343e-10 
 1086       1.593787229835e-10 
 1087       1.598002077622e-10 
 1088       1.602169794326e-10 
 1089       1.606287895973e-10 
 1090       1.610353881947e-10 
 1091       1.614365234959e-10 
 1092       1.618319421006e-10 
 1093       1.622213889338e-10 
 1094       1.626046072417e-10 
 1095       1.629813385885e-10 
 1096       1.633513228522e-10 
 1097       1.637142982211e-10 
 1098       1.640700011905e-10 
 1099       1.644181665583e-10 
 1100       1.647585274218e-10 
 1101       1.650908151739e-10 
 1102       1.654147594995e-10 
 1103       1.657300883716e-10 
 1104       1.660365280476e-10 
 1105       1.663338030660e-10 
 1106       1.666216362422e-10 
 1107       1.668997486652e-10 
 1108       1.671678596936e-10 
 1109       1.674256869523e-10 
 1110       1.676729463285e-10 
 1111       1.679093519679e-10 
 1112       1.681346582926e-10 
 1113       1.683487866652e-10 
 1114       1.685517003820e-10 
 1115       1.687433628023e-10 
 1116       1.689237373496e-10 
 1117       1.690927875117e-10 
 1118       1.692504768408e-10 
 1119       1.693967689544e-10 
 1120       1.695316275354e-10 
 1121       1.696550163322e-10 
 1122       1.697668991599e-10 
 1123       1.698672398998e-10 
 1124       1.699560025003e-10 
 1125       1.700331509771e-10 
 1126       1.700986494138e-10 
 1127       1.701524619618e-10 
 1128       1.701945528414e-10 
 1129       1.702248863414e-10 
 1130       1.702434268202e-10 
 1131       1.702501387056e-10 
 1132       1.702449864958e-10 
 1133       1.702279347589e-10 
 1134       1.701989481343e-10 
 1135       1.701579913324e-10 
 1136       1.701050291352e-10 
 1137       1.700400263966e-10 
 1138       1.699629480430e-10 
 1139       1.698737590733e-10 
 1140       1.697724245599e-10 
 1141       1.696589096484e-10 
 1142       1.695331795583e-10 
 1143       1.693951995836e-10 
 1144       1.692449350927e-10 
 1145       1.690823515293e-10 
 1146       1.689074144123e-10 
 1147       1.687200893366e-10 
 1148       1.685203419732e-10 
 1149       1.683081380696e-10 
 1150       1.680834434506e-10 
 1151       1.678462530222e-10 
 1152       1.675966781885e-10 
 1153       1.673348605457e-10 
 1154       1.670609429819e-10 
 1155       1.667750696798e-10 
 1156       1.664773861201e-10 
 1157       1.661680390840e-10 
 1158       1.658471766568e-10 
 1159       1.655149482302e-10 
 1160       1.651715045060e-10 
 1161       1.648169974988e-10 
 1162       1.644515805389e-10 
 1163       1.640754082754e-10 
 1164       1.636886366794e-10 
 1165       1.632914230469e-10 
 1166       1.628839260014e-10 
 1167       1.624663054977e-10 
 1168       1.620387228243e-10 
 1169       1.616013406065e-10 
 1170       1.611543228096e-10 
 1171       1.606978347419e-10 
 1172       1.602320430575e-10 
 1173       1.597571157593e-10 
 1174       1.592732222025e-10 
 1175       1.587805330970e-10 
 1176       1.582792205106e-10 
 1177       1.577694578722e-10 
 1178       1.572514199748e-10 
 1179       1.567252829781e-10 
 1180       1.561912244120e-10 
 1181       1.556494231793e-10 
 1182       1.551000595590e-10 
 1183       1.545433152089e-10 
 1184       1.539793731690e-10 
 1185       1.534084178641e-10 
 1186       1.528306351075e-10 
 1187       1.522462121032e-10 
 1188       1.516553374494e-10 
 1189       1.510582011413e-10 
 1190       1.504549970708e-10 
 1191       1.498459305516e-10 
 1192       1.492312108925e-10 
 1193       1.486110489124e-10 
 1194       1.479856569434e-10 
 1195       1.473552488344e-10 
 1196       1.467200399538e-10 
 1197       1.460802471932e-10 
 1198       1.454360889703e-10 
 1199       1.447877852324e-10 
 1200       1.441355574592e-10 
 1201       1.434796286666e-10 
 1202       1.428202234094e-10 
 1203       1.421575677847e-10 
 1204       1.414918894353e-10 
 1205       1.408234175526e-10 
 1206       1.401523828802e-10 
 1207       1.394790177168e-10 
 1208       1.388035559194e-10 
 1209       1.381262329069e-10 
 1210       1.374472856628e-10 
 1211       1.367669527390e-10 
 1212       1.360854742585e-10 
 1213       1.354030919190e-10 
 1214       1.347200489956e-10 
 1215       1.340365903449e-10 
 1216       1.333529624074e-10 
 1217       1.326694132110e-10 
 1218       1.319861923743e-10 
 1219       1.313035511098e-10 
 1220       1.306217422270e-10 
 1221       1.299410201359e-10 
 1222       1.292616408498e-10 
 1223       1.285838619888e-10 
 1224       1.279079427831e-10 
 1225       1.272341440760e-10 
 1226       1.265627283271e-10 
 1227       1.258939596159e-10 
 1228       1.252281036444e-10 
 1229       1.245654069153e-10 
 1230       1.239060339856e-10 
 1231       1.232501294730e-10 
 1232       1.225978388150e-10 
 1233       1.219493082709e-10 
 1234       1.213046849230e-10 
 1235       1.206641166786e-10 
 1236       1.200277522711e-10 
 1237       1.193957412618e-10 
 1238       1.187682340417e-10 
 1239       1.181453818324e-10 
 1240       1.175273366885e-10 
 1241       1.169142514985e-10 
 1242       1.163062799867e-10 
 1243       1.157035767148e-10 
 1244       1.151062970832e-10 
 1245       1.145145973328e-10 
 1246       1.139286345465e-10 
 1247       1.133485666509e-10 
 1248       1.127745524173e-10 
 1249       1.122067514643e-10 
 1250       1.116453242583e-10 
 1251       1.110904321158e-10 
 1252       1.105422372045e-10 
 1253       1.100009025452e-10 
 1254       1.094665920133e-10 
 1255       1.089394703402e-10 
 1256       1.084197031151e-10 
 1257       1.079074567862e-10 
 1258       1.074028986627e-10 
 1259       1.069061969163e-10 
 1260       1.064175205823e-10 
 1261       1.059370395619e-10 
 1262       1.054649246230e-10 
 1263       1.050013474025e-10 
 1264       1.045464804074e-10 
 1265       1.041004970163e-10 
 1266       1.036635714815e-10 
 1267       1.032358789299e-10 
 1268       1.028175667277e-10 
 1269       1.024086682079e-10 
 1270       1.020091879513e-10 
 1271       1.016191303326e-10 
 1272       1.012384995200e-10 
 1273       1.008672994750e-10 
 1274       1.005055339514e-10 
 1275       1.001532064947e-10 
 1276       9.981032044204e-11 
 1277       9.947687892094e-11 
 1278       9.915288484931e-11 
 1279       9.883834093458e-11 
 1280       9.853324967323e-11 
 1281       9.823761335020e-11 
 1282       9.795143403830e-11 
 1283       9.767471359770e-11 
 1284       9.740745367530e-11 
 1285       9.714965570421e-11 
 1286       9.690132090315e-11 
 1287       9.666245027590e-11 
 1288       9.643304461073e-11 
 1289       9.621310447983e-11 
 1290       9.600263023874e-11 
 1291       9.580162202577e-11 
 1292       9.561007976147e-11 
 1293       9.542800314803e-11 
 1294       9.525539166871e-11 
 1295       9.509224458729e-11 
 1296       9.493856094750e-11 
 1297       9.479433957244e-11 
 1298       9.465957906402e-11 
 1299       9.453427780241e-11 
 1300       9.441843394543e-11 
 1301       9.431204542801e-11 
 1302       9.421510996162e-11 
 1303       9.412762503373e-11 
 1304       9.404958790716e-11 
 1305       9.398099561960e-11 
 1306       9.392184498301e-11 
 1307       9.387211336696e-11 
 1308       9.383170081463e-11 
 1309       9.380048727817e-11 
 1310       9.377835177413e-11 
 1311       9.376517238153e-11 
 1312       9.376082623995e-11 
 1313       9.376518954761e-11 
 1314       9.377813755946e-11 
 1315       9.379954458525e-11 
 1316       9.382928398763e-11 
 1317       9.386722818022e-11 
 1318       9.391324862569e-11 
 1319       9.396721583389e-11 
 1320       9.402899935984e-11 
 1321       9.409846780192e-11 
 1322       9.417548879986e-11 
 1323       9.425992903289e-11 
 1324       9.435165421781e-11 
 1325       9.445052910702e-11 
 1326       9.455641748669e-11 
 1327       9.466918217478e-11 
 1328       9.478868501914e-11 
 1329       9.491478689560e-11 
 1330       9.504734770606e-11 
 1331       9.518622637653e-11 
 1332       9.533128085529e-11 
 1333       9.548236811089e-11 
 1334       9.563934413031e-11 
 1335       9.580206391697e-11 
 1336       9.597038148887e-11 
 1337       9.614414987666e-11 
 1338       9.632322112170e-11 
 1339       9.650744627417e-11 
 1340       9.669667539113e-11 
 1341       9.689075753464e-11 
 1342       9.708954076979e-11 
 1343       9.729287216285e-11 
 1344       9.750059777928e-11 
 1345       9.771256268187e-11 
 1346       9.792861050587e-11 
 1347       9.814858218324e-11 
 1348       9.837231720071e-11 
 1349       9.859965401955e-11 
 1350       9.883043007361e-11 
 1351       9.906448176736e-11 
 1352       9.930164447396e-11 
 1353       9.954175253332e-11 
 1354       9.978463925015e-11 
 1355       1.000301368920e-10 
 1356       1.002780766874e-10 
 1357       1.005282888237e-10 
 1358       1.007806024454e-10 
 1359       1.010348456520e-10 
 1360       1.012908454962e-10 
 1361       1.015484279819e-10 
 1362       1.018074180621e-10 
 1363       1.020676396372e-10 
 1364       1.023289155531e-10 
 1365       1.025910675988e-10 
 1366       1.028539165049e-10 
 1367       1.031172819416e-10 
 1368       1.033809825167e-10 
 1369       1.036448357734e-10 
 1370       1.039086581887e-10 
 1371       1.041722651716e-10 
 1372       1.044354710604e-10 
 1373       1.046980891217e-10 
 1374       1.049599315478e-10 
 1375       1.052208094549e-10 
 1376       1.054805328813e-10 
 1377       1.057389107855e-10 
 1378       1.059957510439e-10 
 1379       1.062508604493e-10 
 1380       1.065040447086e-10 
 1381       1.067551084409e-10 
 1382       1.070038551759e-10 
 1383       1.072500873516e-10 
 1384       1.074936063124e-10 
 1385       1.077342282834e-10 
 1386       1.079718324814e-10 
 1387       1.082063135082e-10 
 1388       1.084375654190e-10 
 1389       1.086654817220e-10 
 1390       1.088899553774e-10 
 1391       1.091108787962e-10 
 1392       1.093281438393e-10 
 1393       1.095416418167e-10 
 1394       1.097512634867e-10 
 1395       1.099568990545e-10 
 1396       1.101584381715e-10 
 1397       1.103557699344e-10 
 1398       1.105487828844e-10 
 1399       1.107373650057e-10 
 1400       1.109214037252e-10 
 1401       1.111007859112e-10 
 1402       1.112753978725e-10 
 1403       1.114451253574e-10 
 1404       1.116098535530e-10 
 1405       1.117694670840e-10 
 1406       1.119238500118e-10 
 1407       1.120728858337e-10 
 1408       1.122164574817e-10 
 1409       1.123544473219e-10 
 1410       1.124867371532e-10 
 1411       1.126132082065e-10 
 1412       1.127337411439e-10 
 1413       1.128482160575e-10 
 1414       1.129565124686e-10 
 1415       1.130585093269e-10 
 1416       1.131540850091e-10 
 1417       1.132431173184e-10 
 1418       1.133254834833e-10 
 1419       1.134010601569e-10 
 1420       1.134697234156e-10 
 1421       1.135313487585e-10 
 1422       1.135858111063e-10 
 1423       1.136329848003e-10 
 1424       1.136727647965e-10 
 1425       1.137051304882e-10 
 1426       1.137300825369e-10 
 1427       1.137476217371e-10 
 1428       1.137577490168e-10 
 1429       1.137604654377e-10 
 1430       1.137557721954e-10 
 1431       1.137436706199e-10 
 1432       1.137241621757e-10 
 1433       1.136972484624e-10 
 1434       1.136629312145e-10 
 1435       1.136212123024e-10 
 1436       1.135720937321e-10 
 1437       1.135155776458e-10 
 1438       1.134516663222e-10 
 1439       1.133803621768e-10 
 1440       1.133016677621e-10 
 1441       1.132155857679e-10 
 1442       1.131221190218e-10 
 1443       1.130212704893e-10 
 1444       1.129130432744e-10 
 1445       1.127974406195e-10 
 1446       1.126744659059e-10 
 1447       1.125441226544e-10 
 1448       1.124064145249e-10 
 1449       1.122613453175e-10 
 1450       1.121089189724e-10 
 1451       1.119491395700e-10 
 1452       1.117820113316e-10 
 1453       1.116075386198e-10 
 1454       1.114257259382e-10 
 1455       1.112365779324e-10 
 1456       1.110400993896e-10 
 1457       1.108362952398e-10 
 1458       1.106251705552e-10 
 1459       1.104067305511e-10 
 1460       1.101809805860e-10 
 1461       1.099479261618e-10 
 1462       1.097075729244e-10 
 1463       1.094599408671e-10 
 1464       1.092051070963e-10 
 1465       1.089431634939e-10 
 1466       1.086742025540e-10 
 1467       1.083983173840e-10 
 1468       1.081156017058e-10 
 1469       1.078261498567e-10 
 1470       1.075300567904e-10 
 1471       1.072274180787e-10 
 1472       1.069183299118e-10 
 1473       1.066028891001e-10 
 1474       1.062811930748e-10 
 1475       1.059533398894e-10 
 1476       1.056194282205e-10 
 1477       1.052795573689e-10 
 1478       1.049338272610e-10 
 1479       1.045823384497e-10 
 1480       1.042251921155e-10 
 1481       1.038624900676e-10 
 1482       1.034943347451e-10 
 1483       1.031208292179e-10 
 1484       1.027420771881e-10 
 1485       1.023581829908e-10 
 1486       1.019692515956e-10 
 1487       1.015753886070e-10 
 1488       1.011767002664e-10 
 1489       1.007732934525e-10 
 1490       1.003652756827e-10 
 1491       9.995275511432e-11 
 1492       9.953584054531e-11 
 1493       9.911464141574e-11 
 1494       9.868926780869e-11 
 1495       9.825983045144e-11 
 1496       9.782644071654e-11 
 1497       9.738921062292e-11 
 1498       9.694825283701e-11 
 1499       9.650368067380e-11 
 1500       9.605560809800e-11 
 1501       9.560414972510e-11 
 1502       9.514942147978e-11 
 1503       9.469154257589e-11 
 1504       9.423063355795e-11 
 1505       9.376681564676e-11 
 1506       9.330021074049e-11 
 1507       9.283094141588e-11 
 1508       9.235913092931e-11 
 1509       9.188490321800e-11 
 1510       9.140838290113e-11 
 1511       9.092969528094e-11 
 1512       9.044896634394e-11 
 1513       8.996632276197e-11 
 1514       8.948189189341e-11 
 1515       8.899580178425e-11 
 1516       8.850818116928e-11 
 1517       8.801915947322e-11 
 1518       8.752886681184e-11 
 1519       8.703743399309e-11 
 1520       8.654499251829e-11 
 1521       8.605167458321e-11 
 1522       8.555761307923e-11 
 1523       8.506294159449e-11 
 1524       8.456779441502e-11 
 1525       8.407230652587e-11 
 1526       8.357661361225e-11 
 1527       8.308085206069e-11 
 1528       8.258515896014e-11 
 1529       8.208967210314e-11 
 1530       8.159452998695e-11 
 1531       8.109987181469e-11 
 1532       8.060583749645e-11 
 1533       8.011256765049e-11 
 1534       7.962020360430e-11 
 1535       7.912888739581e-11 
 1536       7.863876177448e-11 
 1537       7.814997020246e-11 
 1538       7.766265685572e-11 
 1539       7.717696662521e-11 
 1540       7.669304511795e-11 
 1541       7.621102762567e-11 
 1542       7.573100591374e-11 
 1543       7.525306111927e-11 
 1544       7.477727475554e-11 
 1545       7.430372871269e-11 
 1546       7.383250525821e-11 
 1547       7.336368703756e-11 
 1548       7.289735707477e-11 
 1549       7.243359877299e-11 
 1550       7.197249591507e-11 
 1551       7.151413266416e-11 
 1552       7.105859356428e-11 
 1553       7.060596354091e-11 
 1554       7.015632790156e-11 
 1555       6.970977233636e-11 
 1556       6.926638291863e-11 
 1557       6.882624610547e-11 
 1558       6.838944873835e-11 
 1559       6.795607804367e-11 
 1560       6.752622163334e-11 
 1561       6.709996750541e-11 
 1562       6.667740404457e-11 
 1563       6.625862002280e-11 
 1564       6.584370459992e-11 
 1565       6.543274732418e-11 
 1566       6.502583813283e-11 
 1567       6.462306735271e-11 
 1568       6.422452570084e-11 
 1569       6.383030428499e-11 
 1570       6.344049460424e-11 
 1571       6.305518854960e-11 
 1572       6.267447840459e-11 
 1573       6.229845684578e-11 
 1574       6.192721694341e-11 
 1575       6.156085216194e-11 
 1576       6.119945636068e-11 
 1577       6.084312379430e-11 
 1578       6.049194911349e-11 
 1579       6.014602736548e-11 
 1580       5.980543892458e-11 
 1581       5.947020412992e-11 
 1582       5.914032822890e-11 
 1583       5.881581640894e-11 
 1584       5.849667379739e-11 
 1585       5.818290546133e-11 
 1586       5.787451640750e-11 
 1587       5.757151158207e-11 
 1588       5.727389587057e-11 
 1589       5.698167409772e-11 
 1590       5.669485102730e-11 
 1591       5.641343136195e-11 
 1592       5.613741974312e-11 
 1593       5.586682075085e-11 
 1594       5.560163890368e-11 
 1595       5.534187865845e-11 
 1596       5.508754441021e-11 
 1597       5.483864049207e-11 
 1598       5.459517117502e-11 
 1599       5.435714066783e-11 
 1600       5.412455311687e-11 
 1601       5.389741260601e-11 
 1602       5.367572315643e-11 
 1603       5.345948872651e-11 
 1604       5.324871321169e-11 
 1605       5.304340044428e-11 
 1606       5.284355419340e-11 
 1607       5.264917816473e-11 
 1608       5.246027600049e-11 
 1609       5.227685127918e-11 
 1610       5.209890751551e-11 
 1611       5.192644816025e-11 
 1612       5.175947660005e-11 
 1613       5.159799615734e-11 
 1614       5.144201009017e-11 
 1615       5.129152159203e-11 
 1616       5.114653379180e-11 
 1617       5.100704975350e-11 
 1618       5.087307247623e-11 
 1619       5.074459456678e-11 
 1620       5.062156715586e-11 
 1621       5.050393070073e-11 
 1622       5.039162528630e-11 
 1623       5.028459062447e-11 
 1624       5.018276605356e-11 
 1625       5.008609053767e-11 
 1626       4.999450266609e-11 
 1627       4.990794065264e-11 
 1628       4.982634233510e-11 
 1629       4.974964517457e-11 
 1630       4.967778625487e-11 
 1631       4.961070228190e-11 
 1632       4.954832958306e-11 
 1633       4.949060410660e-11 
 1634       4.943746142102e-11 
 1635       4.938883671445e-11 
 1636       4.934466479407e-11 
 1637       4.930488008541e-11 
 1638       4.926941663184e-11 
 1639       4.923820809387e-11 
 1640       4.921118774859e-11 
 1641       4.918828848900e-11 
 1642       4.916944282346e-11 
 1643       4.915458287502e-11 
 1644       4.914364038084e-11 
 1645       4.913654669154e-11 
 1646       4.913323277064e-11 
 1647       4.913362919386e-11 
 1648       4.913766614861e-11 
 1649       4.914527343327e-11 
 1650       4.915638045665e-11 
 1651       4.917091623735e-11 
 1652       4.918880940313e-11 
 1653       4.920998819031e-11 
 1654       4.923438044316e-11 
 1655       4.926191361326e-11 
 1656       4.929251475892e-11 
 1657       4.932611054455e-11 
 1658       4.936262617977e-11 
 1659       4.940198222791e-11 
 1660       4.944409776814e-11 
 1661       4.948889145250e-11 
 1662       4.953628150527e-11 
 1663       4.958618572225e-11 
 1664       4.963852147015e-11 
 1665       4.969320568589e-11 
 1666       4.975015487598e-11 
 1667       4.980928511583e-11 
 1668       4.987051204907e-11 
 1669       4.993375088695e-11 
 1670       4.999891640760e-11 
 1671       5.006592295545e-11 
 1672       5.013468444049e-11 
 1673       5.020511433767e-11 
 1674       5.027712568620e-11 
 1675       5.035063108892e-11 
 1676       5.042554271160e-11 
 1677       5.050177228231e-11 
 1678       5.057923109074e-11 
 1679       5.065782998756e-11 
 1680       5.073747938373e-11 
 1681       5.081808924986e-11 
 1682       5.089956911554e-11 
 1683       5.098182806867e-11 
 1684       5.106477475483e-11 
 1685       5.114831737657e-11 
 1686       5.123236369279e-11 
 1687       5.131682101805e-11 
 1688       5.140159622194e-11 
 1689       5.148659572839e-11 
 1690       5.157172551501e-11 
 1691       5.165689111245e-11 
 1692       5.174199760371e-11 
 1693       5.182694962351e-11 
 1694       5.191165135759e-11 
 1695       5.199600654209e-11 
 1696       5.207991846286e-11 
 1697       5.216329712582e-11 
 1698       5.224608083694e-11 
 1699       5.232821480701e-11 
 1700       5.240964399714e-11 
 1701       5.249031311839e-11 
 1702       5.257016663145e-11 
 1703       5.264914874620e-11 
 1704       5.272720342143e-11 
 1705       5.280427436440e-11 
 1706       5.288030503056e-11 
 1707       5.295523862311e-11 
 1708       5.302901809267e-11 
 1709       5.310158613693e-11 
 1710       5.317288520027e-11 
 1711       5.324285747339e-11 
 1712       5.331144489297e-11 
 1713       5.337858914129e-11 
 1714       5.344423164588e-11 
 1715       5.350831357912e-11 
 1716       5.357077585793e-11 
 1717       5.363155914339e-11 
 1718       5.369060384034e-11 
 1719       5.374785009706e-11 
 1720       5.380323780491e-11 
 1721       5.385670659793e-11 
 1722       5.390819585250e-11 
 1723       5.395764468698e-11 
 1724       5.400499196134e-11 
 1725       5.405017627679e-11 
 1726       5.409313597544e-11 
 1727       5.413380913991e-11 
 1728       5.417213359299e-11 
 1729       5.420804689726e-11 
 1730       5.424148635473e-11 
 1731       5.427238900649e-11 
 1732       5.430069163232e-11 
 1733       5.432633075037e-11 
 1734       5.434924261675e-11 
 1735       5.436936322520e-11 
 1736       5.438663835230e-11 
 1737       5.440105378654e-11 
 1738       5.441260535329e-11 
 1739       5.442128889244e-11 
 1740       5.442710025838e-11 
 1741       5.443003532006e-11 
 1742       5.443008996104e-11 
 1743       5.442726007949e-11 
 1744       5.442154158827e-11 
 1745       5.441293041493e-11 
 1746       5.440142250177e-11 
 1747       5.438701380586e-11 
 1748       5.436970029910e-11 
 1749       5.434947796823e-11 
 1750       5.432634281488e-11 
 1751       5.430029085561e-11 
 1752       5.427131812195e-11 
 1753       5.423942066041e-11 
 1754       5.420459453255e-11 
 1755       5.416683581500e-11 
 1756       5.412614059951e-11 
 1757       5.408250499295e-11 
 1758       5.403592511741e-11 
 1759       5.398639711016e-11 
 1760       5.393391712375e-11 
 1761       5.387848132604e-11 
 1762       5.382008590018e-11 
 1763       5.375872704472e-11 
 1764       5.369440097359e-11 
 1765       5.362710391619e-11 
 1766       5.355683211736e-11 
 1767       5.348358183749e-11 
 1768       5.340734935250e-11 
 1769       5.332813095391e-11 
 1770       5.324592294885e-11 
 1771       5.316072166013e-11 
 1772       5.307252342623e-11 
 1773       5.298132460139e-11 
 1774       5.288712155563e-11 
 1775       5.278991773161e-11 
 1776       5.268974487896e-11 
 1777       5.258664199510e-11 
 1778       5.248064828459e-11 
 1779       5.237180315940e-11 
 1780       5.226014623926e-11 
 1781       5.214571735194e-11 
 1782       5.202855653356e-11 
 1783       5.190870402889e-11 
 1784       5.178620029167e-11 
 1785       5.166108598490e-11 
 1786       5.153340198116e-11 
 1787       5.140318936289e-11 
 1788       5.127048942273e-11 
 1789       5.113534366379e-11 
 1790       5.099779380001e-11 
 1791       5.085788175638e-11 
 1792       5.071564966932e-11 
 1793       5.057113988697e-11 
 1794       5.042439496946e-11 
 1795       5.027545768925e-11 
 1796       5.012437103145e-11 
 1797       4.997117819405e-11 
 1798       4.981592258833e-11 
 1799       4.965864783907e-11 
 1800       4.949939778492e-11 
 1801       4.933821647869e-11 
 1802       4.917514818762e-11 
 1803       4.901023739374e-11 
 1804       4.884352879414e-11 
 1805       4.867506730127e-11 
 1806       4.850489804329e-11 
 1807       4.833306636431e-11 
 1808       4.815961782476e-11 
 1809       4.798459820166e-11 
 1810       4.780805348891e-11 
 1811       4.763002989765e-11 
 1812       4.745057385650e-11 
 1813       4.726973201192e-11 
 1814       4.708755207208e-11 
 1815       4.690408534540e-11 
 1816       4.671938422309e-11 
 1817       4.653350133778e-11 
 1818       4.634648956384e-11 
 1819       4.615840201770e-11 
 1820       4.596929205823e-11 
 1821       4.577921328703e-11 
 1822       4.558821954878e-11 
 1823       4.539636493161e-11 
 1824       4.520370376736e-11 
 1825       4.501029063202e-11 
 1826       4.481618034597e-11 
 1827       4.462142797437e-11 
 1828       4.442608882747e-11 
 1829       4.423021846098e-11 
 1830       4.403387267637e-11 
 1831       4.383710752122e-11 
 1832       4.363997928956e-11 
 1833       4.344254452221e-11 
 1834       4.324486000709e-11 
 1835       4.304698277959e-11 
 1836       4.284897012290e-11 
 1837       4.265087956831e-11 
 1838       4.245276889560e-11 
 1839       4.225469613333e-11 
 1840       4.205671955922e-11 
 1841       4.185889770043e-11 
 1842       4.166128933395e-11 
 1843       4.146395348691e-11 
 1844       4.126694943692e-11 
 1845       4.107033671241e-11 
 1846       4.087417509296e-11 
 1847       4.067852460963e-11 
 1848       4.048344554532e-11 
 1849       4.028899843508e-11 
 1850       4.009524406646e-11 
 1851       3.990224347986e-11 
 1852       3.971005796882e-11 
 1853       3.951874443101e-11 
 1854       3.932834138023e-11 
 1855       3.913888282456e-11 
 1856       3.895040290596e-11 
 1857       3.876293590039e-11 
 1858       3.857651621803e-11 
 1859       3.839117840341e-11 
 1860       3.820695713562e-11 
 1861       3.802388722845e-11 
 1862       3.784200363059e-11 
 1863       3.766134142581e-11 
 1864       3.748193583310e-11 
 1865       3.730382220687e-11 
 1866       3.712703603711e-11 
 1867       3.695161294959e-11 
 1868       3.677758870599e-11 
 1869       3.660499920411e-11 
 1870       3.643388047805e-11 
 1871       3.626426869832e-11 
 1872       3.609620017209e-11 
 1873       3.592971134335e-11 
 1874       3.576483879302e-11 
 1875       3.560161923921e-11 
 1876       3.544008953734e-11 
 1877       3.528028668032e-11 
 1878       3.512224779874e-11 
 1879       3.496601016105e-11 
 1880       3.481161117368e-11 
 1881       3.465908838130e-11 
 1882       3.450847946692e-11 
 1883       3.435982225208e-11 
 1884       3.421315469706e-11 
 1885       3.406851490102e-11 
 1886       3.392594110217e-11 
 1887       3.378547167796e-11 
 1888       3.364714514527e-11 
 1889       3.351100016052e-11 
 1890       3.337707551994e-11 
 1891       3.324541015965e-11 
 1892       3.311603655288e-11 
 1893       3.298896084532e-11 
 1894       3.286418256644e-11 
 1895       3.274170121850e-11 
 1896       3.262151627653e-11 
 1897       3.250362718824e-11 
 1898       3.238803337403e-11 
 1899       3.227473422686e-11 
 1900       3.216372911228e-11 
 1901       3.205501736836e-11 
 1902       3.194859830562e-11 
 1903       3.184447120700e-11 
 1904       3.174263532781e-11 
 1905       3.164308989568e-11 
 1906       3.154583411053e-11 
 1907       3.145086714450e-11 
 1908       3.135818814189e-11 
 1909       3.126779621917e-11 
 1910       3.117969046487e-11 
 1911       3.109386993956e-11 
 1912       3.101033367581e-11 
 1913       3.092908067812e-11 
 1914       3.085010992290e-11 
 1915       3.077342035840e-11 
 1916       3.069901090468e-11 
 1917       3.062688045353e-11 
 1918       3.055702786847e-11 
 1919       3.048945198466e-11 
 1920       3.042415160888e-11 
 1921       3.036112551948e-11 
 1922       3.030037246631e-11 
 1923       3.024189117069e-11 
 1924       3.018568032538e-11 
 1925       3.013173859449e-11 
 1926       3.008006461347e-11 
 1927       3.003065698904e-11 
 1928       2.998351429915e-11 
 1929       2.993863509293e-11 
 1930       2.989601789067e-11 
 1931       2.985565659301e-11 
 1932       2.981752667079e-11 
 1933       2.978159887045e-11 
 1934       2.974784379508e-11 
 1935       2.971623190417e-11 
 1936       2.968673351346e-11 
 1937       2.965931879473e-11 
 1938       2.963395777561e-11 
 1939       2.961062033936e-11 
 1940       2.958927622472e-11 
 1941       2.956989502566e-11 
 1942       2.955244619125e-11 
 1943       2.953689902538e-11 
 1944       2.952322268667e-11 
 1945       2.951138618817e-11 
 1946       2.950135839725e-11 
 1947       2.949310803533e-11 
 1948       2.948660367777e-11 
 1949       2.948181375358e-11 
 1950       2.947870654531e-11 
 1951       2.947725018880e-11 
 1952       2.947741267300e-11 
 1953       2.947916183979e-11 
 1954       2.948246538375e-11 
 1955       2.948729085202e-11 
 1956       2.949360564404e-11 
 1957       2.950137701141e-11 
 1958       2.951057205765e-11 
 1959       2.952115773805e-11 
 1960       2.953310085943e-11 
 1961       2.954636807997e-11 
 1962       2.956092590903e-11 
 1963       2.957674070692e-11 
 1964       2.959377868471e-11 
 1965       2.961200590407e-11 
 1966       2.963138827702e-11 
 1967       2.965189156581e-11 
 1968       2.967348138263e-11 
 1969       2.969612318950e-11 
 1970       2.971978189038e-11 
 1971       2.974442060472e-11 
 1972       2.977000188443e-11 
 1973       2.979648812048e-11 
 1974       2.982384154270e-11 
 1975       2.985202421957e-11 
 1976       2.988099805800e-11 
 1977       2.991072480314e-11 
 1978       2.994116603817e-11 
 1979       2.997228318409e-11 
 1980       3.000403749949e-11 
 1981       3.003639008038e-11 
 1982       3.006930185995e-11 
 1983       3.010273360841e-11 
 1984       3.013664593270e-11 
 1985       3.017099927636e-11 
 1986       3.020575391930e-11 
 1987       3.024086997757e-11 
 1988       3.027630740317e-11 
 1989       3.031202598385e-11 
 1990       3.034798534287e-11 
 1991       3.038414493884e-11 
 1992       3.042046406547e-11 
 1993       3.045690185139e-11 
 1994       3.049341725993e-11 
 1995       3.052996908891e-11 
 1996       3.056651597042e-11 
 1997       3.060301637066e-11 
 1998       3.063942858968e-11 
 1999       3.067571076120e-11 
 2000       3.071182085239e-11 
 2001       3.074771666367e-11 
 2002       3.078335582849e-11 
 2003       3.081869581315e-11 
 2004       3.085369391656e-11 
 2005       3.088830727004e-11 
 2006       3.092249283715e-11 
 2007       3.095620741341e-11 
 2008       3.098940762617e-11 
 2009       3.102205322810e-11 
 2010       3.105411700465e-11 
 2011       3.108557493836e-11 
 2012       3.111640292159e-11 
 2013       3.114657675636e-11 
 2014       3.117607215431e-11 
 2015       3.120486473650e-11 
 2016       3.123293003336e-11 
 2017       3.126024348459e-11 
 2018       3.128678043899e-11 
 2019       3.131251615441e-11 
 2020       3.133742579761e-11 
 2021       3.136148444415e-11 
 2022       3.138466707831e-11 
 2023       3.140694859292e-11 
 2024       3.142830378932e-11 
 2025       3.144870737720e-11 
 2026       3.146813397451e-11 
 2027       3.148655810735e-11 
 2028       3.150395420986e-11 
 2029       3.152029662411e-11 
 2030       3.153555959997e-11 
 2031       3.154971729503e-11 
 2032       3.156274377449e-11 
 2033       3.157461301102e-11 
 2034       3.158529888467e-11 
 2035       3.159477518278e-11 
 2036       3.160301559982e-11 
 2037       3.160999373732e-11 
 2038       3.161568310375e-11 
 2039       3.162005711441e-11 
 2040       3.162308909133e-11 
 2041       3.162475226312e-11 
 2042       3.162501976492e-11 
 2043       3.162386463824e-11 
 2044       3.162125983088e-11 
 2045       3.161717819680e-11 
 2046       3.161159249604e-11 
 2047       3.160447539456e-11 
 2048       3.159580407070e-11 
 2049       3.158557407064e-11 
 2050       3.157378555171e-11 
 2051       3.156043868491e-11 
 2052       3.154553365492e-11 
 2053       3.152907066012e-11 
 2054       3.151104991263e-11 
 2055       3.149147163829e-11 
 2056       3.147033607675e-11 
 2057       3.144764348143e-11 
 2058       3.142339411954e-11 
 2059       3.139758827217e-11 
 2060       3.137022623425e-11 
 2061       3.134130831457e-11 
 2062       3.131083483584e-11 
 2063       3.127880613470e-11 
 2064       3.124522256172e-11 
 2065       3.121008448143e-11 
 2066       3.117339227237e-11 
 2067       3.113514632708e-11 
 2068       3.109534705213e-11 
 2069       3.105399486814e-11 
 2070       3.101109020982e-11 
 2071       3.096663352596e-11 
 2072       3.092062527949e-11 
 2073       3.087306594747e-11 
 2074       3.082395602111e-11 
 2075       3.077329600584e-11 
 2076       3.072108642125e-11 
 2077       3.066732780121e-11 
 2078       3.061202069380e-11 
 2079       3.055516566140e-11 
 2080       3.049676328066e-11 
 2081       3.043681414257e-11 
 2082       3.037531885244e-11 
 2083       3.031227802996e-11 
 2084       3.024769230918e-11 
 2085       3.018156233856e-11 
 2086       3.011388878099e-11 
 2087       3.004467557599e-11 
 2088       2.997393975122e-11 
 2089       2.990170167983e-11 
 2090       2.982798182464e-11 
 2091       2.975280073823e-11 
 2092       2.967617906309e-11 
 2093       2.959813753172e-11 
 2094       2.951869696670e-11 
 2095       2.943787828087e-11 
 2096       2.935570247740e-11 
 2097       2.927219064988e-11 
 2098       2.918736398251e-11 
 2099       2.910124375013e-11 
 2100       2.901385131836e-11 
 2101       2.892520814373e-11 
 2102       2.883533577379e-11 
 2103       2.874425584717e-11 
 2104       2.865199009378e-11 
 2105       2.855856033482e-11 
 2106       2.846398848299e-11 
 2107       2.836829654254e-11 
 2108       2.827150660939e-11 
 2109       2.817364087125e-11 
 2110       2.807472160774e-11 
 2111       2.797477119050e-11 
 2112       2.787381208327e-11 
 2113       2.777186684204e-11 
 2114       2.766895811515e-11 
 2115       2.756510864341e-11 
 2116       2.746034126017e-11 
 2117       2.735467889150e-11 
 2118       2.724814455623e-11 
 2119       2.714076136613e-11 
 2120       2.703255252596e-11 
 2121       2.692354133362e-11 
 2122       2.681375118026e-11 
 2123       2.670320555036e-11 
 2124       2.659192802191e-11 
 2125       2.647994226642e-11 
 2126       2.636727245409e-11 
 2127       2.625394447180e-11 
 2128       2.613998471368e-11 
 2129       2.602541967705e-11 
 2130       2.591027596255e-11 
 2131       2.579458027422e-11 
 2132       2.567835941966e-11 
 2133       2.556164031013e-11 
 2134       2.544444996071e-11 
 2135       2.532681549038e-11 
 2136       2.520876412215e-11 
 2137       2.509032318320e-11 
 2138       2.497152010500e-11 
 2139       2.485238242341e-11 
 2140       2.473293777884e-11 
 2141       2.461321391633e-11 
 2142       2.449323868570e-11 
 2143       2.437304004168e-11 
 2144       2.425264604399e-11 
 2145       2.413208485751e-11 
 2146       2.401138475238e-11 
 2147       2.389057410412e-11 
 2148       2.376968139378e-11 
 2149       2.364873520800e-11 
 2150       2.352776423921e-11 
 2151       2.340679728569e-11 
 2152       2.328586325174e-11 
 2153       2.316499114776e-11 
 2154       2.304421009040e-11 
 2155       2.292354930268e-11 
 2156       2.280303811409e-11 
 2157       2.268270596077e-11 
 2158       2.256258238554e-11 
 2159       2.244269703811e-11 
 2160       2.232307967515e-11 
 2161       2.220376016045e-11 
 2162       2.208476846500e-11 
 2163       2.196613466714e-11 
 2164       2.184788895269e-11 
 2165       2.173005948560e-11 
 2166       2.161266600410e-11 
 2167       2.149572618148e-11 
 2168       2.137925775171e-11 
 2169       2.126327850952e-11 
 2170       2.114780631042e-11 
 2171       2.103285907080e-11 
 2172       2.091845476799e-11 
 2173       2.080461144032e-11 
 2174       2.069134718722e-11 
 2175       2.057868016925e-11 
 2176       2.046662860818e-11 
 2177       2.035521078706e-11 
 2178       2.024444505029e-11 
 2179       2.013434980370e-11 
 2180       2.002494351458e-11 
 2181       1.991624471180e-11 
 2182       1.980827198582e-11 
 2183       1.970104398881e-11 
 2184       1.959457943470e-11 
 2185       1.948889709922e-11 
 2186       1.938401582001e-11 
 2187       1.927995449667e-11 
 2188       1.917673209082e-11 
 2189       1.907436762618e-11 
 2190       1.897288018864e-11 
 2191       1.887228892630e-11 
 2192       1.877261304959e-11 
 2193       1.867387183129e-11 
 2194       1.857608460662e-11 
 2195       1.847927077329e-11 
 2196       1.838344979161e-11 
 2197       1.828864118451e-11 
 2198       1.819486453762e-11 
 2199       1.810213949937e-11 
 2200       1.801048578101e-11 
 2201       1.791992315671e-11 
 2202       1.783047146363e-11 
 2203       1.774215060195e-11 
 2204       1.765497742497e-11 
 2205       1.756895638639e-11 
 2206       1.748408883104e-11 
 2207       1.740037609920e-11 
 2208       1.731781952664e-11 
 2209       1.723642044459e-11 
 2210       1.715618017972e-11 
 2211       1.707710005416e-11 
 2212       1.699918138545e-11 
 2213       1.692242548660e-11 
 2214       1.684683366599e-11 
 2215       1.677240722743e-11 
 2216       1.669914747014e-11 
 2217       1.662705568871e-11 
 2218       1.655613317312e-11 
 2219       1.648638120873e-11 
 2220       1.641780107626e-11 
 2221       1.635039405178e-11 
 2222       1.628416140671e-11 
 2223       1.621910440782e-11 
 2224       1.615522431717e-11 
 2225       1.609252239220e-11 
 2226       1.603099988561e-11 
 2227       1.597065804542e-11 
 2228       1.591149811496e-11 
 2229       1.585352133281e-11 
 2230       1.579672893286e-11 
 2231       1.574112214424e-11 
 2232       1.568670219136e-11 
 2233       1.563347029386e-11 
 2234       1.558142766664e-11 
 2235       1.553057551982e-11 
 2236       1.548091505874e-11 
 2237       1.543244748396e-11 
 2238       1.538517399125e-11 
 2239       1.533909577155e-11 
 2240       1.529421401103e-11 
 2241       1.525052989100e-11 
 2242       1.520804458797e-11 
 2243       1.516675700342e-11 
 2244       1.512665693722e-11 
 2245       1.508773186962e-11 
 2246       1.504996922738e-11 
 2247       1.501335638366e-11 
 2248       1.497788065798e-11 
 2249       1.494352931616e-11 
 2250       1.491028957021e-11 
 2251       1.487814857833e-11 
 2252       1.484709344481e-11 
 2253       1.481711121999e-11 
 2254       1.478818890017e-11 
 2255       1.476031342756e-11 
 2256       1.473347169023e-11 
 2257       1.470765052202e-11 
 2258       1.468283670250e-11 
 2259       1.465901695689e-11 
 2260       1.463617795604e-11 
 2261       1.461430631628e-11 
 2262       1.459338859944e-11 
 2263       1.457341131277e-11 
 2264       1.455436090883e-11 
 2265       1.453622378549e-11 
 2266       1.451898628582e-11 
 2267       1.450263469806e-11 
 2268       1.448715525552e-11 
 2269       1.447253413657e-11 
 2270       1.445875746452e-11 
 2271       1.444581130760e-11 
 2272       1.443368167886e-11 
 2273       1.442235453615e-11 
 2274       1.441181578203e-11 
 2275       1.440205126370e-11 
 2276       1.439304677295e-11 
 2277       1.438478804611e-11 
 2278       1.437726076395e-11 
 2279       1.437045055167e-11 
 2280       1.436434297877e-11 
 2281       1.435892355906e-11 
 2282       1.435417732900e-11 
 2283       1.435008758011e-11 
 2284       1.434663711834e-11 
 2285       1.434380868478e-11 
 2286       1.434158495557e-11 
 2287       1.433994854187e-11 
 2288       1.433888198975e-11 
 2289       1.433836778014e-11 
 2290       1.433838832873e-11 
 2291       1.433892598594e-11 
 2292       1.433996303681e-11 
 2293       1.434148170092e-11 
 2294       1.434346413239e-11 
 2295       1.434589241970e-11 
 2296       1.434874858570e-11 
 2297       1.435201458751e-11 
 2298       1.435567231643e-11 
 2299       1.435970359791e-11 
 2300       1.436409019142e-11 
 2301       1.436881379044e-11 
 2302       1.437385602233e-11 
 2303       1.437919844830e-11 
 2304       1.438482256331e-11 
 2305       1.439070979602e-11 
 2306       1.439684150870e-11 
 2307       1.440319899715e-11 
 2308       1.440976349066e-11 
 2309       1.441651615190e-11 
 2310       1.442343807688e-11 
 2311       1.443051029486e-11 
 2312       1.443771376826e-11 
 2313       1.444502939263e-11 
 2314       1.445243799654e-11 
 2315       1.445992034152e-11 
 2316       1.446745712201e-11 
 2317       1.447502896524e-11 
 2318       1.448261643120e-11 
 2319       1.449020001253e-11 
 2320       1.449776013450e-11 
 2321       1.450527845412e-11 
 2322       1.451274176685e-11 
 2323       1.452013812441e-11 
 2324       1.452745553775e-11 
 2325       1.453468197697e-11 
 2326       1.454180537133e-11 
 2327       1.454881360915e-11 
 2328       1.455569453780e-11 
 2329       1.456243596366e-11 
 2330       1.456902565204e-11 
 2331       1.457545132720e-11 
 2332       1.458170067222e-11 
 2333       1.458776132904e-11 
 2334       1.459362089837e-11 
 2335       1.459926693964e-11 
 2336       1.460468697099e-11 
 2337       1.460986846921e-11 
 2338       1.461479886967e-11 
 2339       1.461946556634e-11 
 2340       1.462385591167e-11 
 2341       1.462795721660e-11 
 2342       1.463175675051e-11 
 2343       1.463524174114e-11 
 2344       1.463839937460e-11 
 2345       1.464121679528e-11 
 2346       1.464368110583e-11 
 2347       1.464577936711e-11 
 2348       1.464749859815e-11 
 2349       1.464882577610e-11 
 2350       1.464974783619e-11 
 2351       1.465025167170e-11 
 2352       1.465032413387e-11 
 2353       1.464995203191e-11 
 2354       1.464912213295e-11 
 2355       1.464782116195e-11 
 2356       1.464603580170e-11 
 2357       1.464375269277e-11 
 2358       1.464095843345e-11 
 2359       1.463763957973e-11 
 2360       1.463378464191e-11 
 2361       1.462939008823e-11 
 2362       1.462445437842e-11 
 2363       1.461897597039e-11 
 2364       1.461295332021e-11 
 2365       1.460638488217e-11 
 2366       1.459926910871e-11 
 2367       1.459160445047e-11 
 2368       1.458338935624e-11 
 2369       1.457462227301e-11 
 2370       1.456530164594e-11 
 2371       1.455542591838e-11 
 2372       1.454499353182e-11 
 2373       1.453400292597e-11 
 2374       1.452245253866e-11 
 2375       1.451034080595e-11 
 2376       1.449766616204e-11 
 2377       1.448442703930e-11 
 2378       1.447062186828e-11 
 2379       1.445624907769e-11 
 2380       1.444130709443e-11 
 2381       1.442579434355e-11 
 2382       1.440970924827e-11 
 2383       1.439305022999e-11 
 2384       1.437581570825e-11 
 2385       1.435800410078e-11 
 2386       1.433961382347e-11 
 2387       1.432064329037e-11 
 2388       1.430109091369e-11 
 2389       1.428095510381e-11 
 2390       1.426023426926e-11 
 2391       1.423892681675e-11 
 2392       1.421703115113e-11 
 2393       1.419454567543e-11 
 2394       1.417146879082e-11 
 2395       1.414779889663e-11 
 2396       1.412353439037e-11 
 2397       1.409867366767e-11 
 2398       1.407321512236e-11 
 2399       1.404715865512e-11 
 2400       1.402051020988e-11 
 2401       1.399327726512e-11 
 2402       1.396546732774e-11 
 2403       1.393708793301e-11 
 2404       1.390814664469e-11 
 2405       1.387865105498e-11 
 2406       1.384860878462e-11 
 2407       1.381802748287e-11 
 2408       1.378691482755e-11 
 2409       1.375527852510e-11 
 2410       1.372312631058e-11 
 2411       1.369046594770e-11 
 2412       1.365730522888e-11 
 2413       1.362365197525e-11 
 2414       1.358951403670e-11 
 2415       1.355489929189e-11 
 2416       1.351981564832e-11 
 2417       1.348427104232e-11 
 2418       1.344827343908e-11 
 2419       1.341183083271e-11 
 2420       1.337495124628e-11 
 2421       1.333764273178e-11 
 2422       1.329991337024e-11 
 2423       1.326177127170e-11 
 2424       1.322322457526e-11 
 2425       1.318428144911e-11 
 2426       1.314495009057e-11 
 2427       1.310523872610e-11 
 2428       1.306515561136e-11 
 2429       1.302470903120e-11 
 2430       1.298390729973e-11 
 2431       1.294275876033e-11 
 2432       1.290127178569e-11 
 2433       1.285945477783e-11 
 2434       1.281731616814e-11 
 2435       1.277486441740e-11 
 2436       1.273210801584e-11 
 2437       1.268905548311e-11 
 2438       1.264571569696e-11 
 2439       1.260209888113e-11 
 2440       1.255821562339e-11 
 2441       1.251407654760e-11 
 2442       1.246969231370e-11 
 2443       1.242507361777e-11 
 2444       1.238023119208e-11 
 2445       1.233517580507e-11 
 2446       1.228991826146e-11 
 2447       1.224446940225e-11 
 2448       1.219884010474e-11 
 2449       1.215304128261e-11 
 2450       1.210708388593e-11 
 2451       1.206097890120e-11 
 2452       1.201473735140e-11 
 2453       1.196837029600e-11 
 2454       1.192188883104e-11 
 2455       1.187530408911e-11 
 2456       1.182862723947e-11 
 2457       1.178186948797e-11 
 2458       1.173504207722e-11 
 2459       1.168815628653e-11 
 2460       1.164122343196e-11 
 2461       1.159425486643e-11 
 2462       1.154726197965e-11 
 2463       1.150025619825e-11 
 2464       1.145324898575e-11 
 2465       1.140625184265e-11 
 2466       1.135927630643e-11 
 2467       1.131233395160e-11 
 2468       1.126543638974e-11 
 2469       1.121859526954e-11 
 2470       1.117182227684e-11 
 2471       1.112512913463e-11 
 2472       1.107852760314e-11 
 2473       1.103202947986e-11 
 2474       1.098564659956e-11 
 2475       1.093939083435e-11 
 2476       1.089327409368e-11 
 2477       1.084730751859e-11 
 2478       1.080149905895e-11 
 2479       1.075585588194e-11 
 2480       1.071038517664e-11 
 2481       1.066509415399e-11 
 2482       1.061999004689e-11 
 2483       1.057508011016e-11 
 2484       1.053037162059e-11 
 2485       1.048587187696e-11 
 2486       1.044158820005e-11 
 2487       1.039752793267e-11 
 2488       1.035369843969e-11 
 2489       1.031010710804e-11 
 2490       1.026676134675e-11 
 2491       1.022366858696e-11 
 2492       1.018083628197e-11 
 2493       1.013827190719e-11 
 2494       1.009598296027e-11 
 2495       1.005397696100e-11 
 2496       1.001226145146e-11 
 2497       9.970843995906e-12 
 2498       9.929732180912e-12 
 2499       9.888933615317e-12 
 2500       9.848455930274e-12 
 2501       9.808306779268e-12 
 2502       9.768493838133e-12 
 2503       9.729024805082e-12 
 2504       9.689907400720e-12 
 2505       9.651149368072e-12 
 2506       9.612758472601e-12 
 2507       9.574742502229e-12 
 2508       9.537109267362e-12 
 2509       9.499866600909e-12 
 2510       9.463022358305e-12 
 2511       9.426584417531e-12 
 2512       9.390560679135e-12 
 2513       9.354959066258e-12 
 2514       9.319787524651e-12 
 2515       9.285054022698e-12 
 2516       9.250765319665e-12 
 2517       9.216923262578e-12 
 2518       9.183528467836e-12 
 2519       9.150581551026e-12 
 2520       9.118083126919e-12 
 2521       9.086033809471e-12 
 2522       9.054434211819e-12 
 2523       9.023284946281e-12 
 2524       8.992586624351e-12 
 2525       8.962339856703e-12 
 2526       8.932545253182e-12 
 2527       8.903203422810e-12 
 2528       8.874314973776e-12 
 2529       8.845880513443e-12 
 2530       8.817900648337e-12 
 2531       8.790375984154e-12 
 2532       8.763307125752e-12 
 2533       8.736694677152e-12 
 2534       8.710539241536e-12 
 2535       8.684841421243e-12 
 2536       8.659601817771e-12 
 2537       8.634821031774e-12 
 2538       8.610499663058e-12 
 2539       8.586638310581e-12 
 2540       8.563237572451e-12 
 2541       8.540298045926e-12 
 2542       8.517820327408e-12 
 2543       8.495805012446e-12 
 2544       8.474252695730e-12 
 2545       8.453163971093e-12 
 2546       8.432539431507e-12 
 2547       8.412379669080e-12 
 2548       8.392685275058e-12 
 2549       8.373456839821e-12 
 2550       8.354694952881e-12 
 2551       8.336400202880e-12 
 2552       8.318573177589e-12 
 2553       8.301214463908e-12 
 2554       8.284324647860e-12 
 2555       8.267903259678e-12 
 2556       8.251945602447e-12 
 2557       8.236445905283e-12 
 2558       8.221398376576e-12 
 2559       8.206797203964e-12 
 2560       8.192636554319e-12 
 2561       8.178910573720e-12 
 2562       8.165613387436e-12 
 2563       8.152739099900e-12 
 2564       8.140281794696e-12 
 2565       8.128235534527e-12 
 2566       8.116594361204e-12 
 2567       8.105352295618e-12 
 2568       8.094503337722e-12 
 2569       8.084041466509e-12 
 2570       8.073960639992e-12 
 2571       8.064254795181e-12 
 2572       8.054917848062e-12 
 2573       8.045943693577e-12 
 2574       8.037326205603e-12 
 2575       8.029059236930e-12 
 2576       8.021136619241e-12 
 2577       8.013552163087e-12 
 2578       8.006299657871e-12 
 2579       7.999372871826e-12 
 2580       7.992765551990e-12 
 2581       7.986471424188e-12 
 2582       7.980484193010e-12 
 2583       7.974797541791e-12 
 2584       7.969405132589e-12 
 2585       7.964300606163e-12 
 2586       7.959477581951e-12 
 2587       7.954929658055e-12 
 2588       7.950650411210e-12 
 2589       7.946633396772e-12 
 2590       7.942872148691e-12 
 2591       7.939360179494e-12 
 2592       7.936090980258e-12 
 2593       7.933058020597e-12 
 2594       7.930258967720e-12 
 2595       7.927708369699e-12 
 2596       7.925425043764e-12 
 2597       7.923427863764e-12 
 2598       7.921735760232e-12 
 2599       7.920367720429e-12 
 2600       7.919342788405e-12 
