# dimensionless total [l(l+1)/2pi] C_l's
# for l=2 to 2600, i.e. number of multipoles equal to 2599
#
# -> if you prefer output in CAMB/HealPix/LensPix units/order, set 'format' to 'camb' in input file
# -> if you don't want to see such a header, set 'headers' to 'no' in input file
#
# 1:l     2:TT                 
    2       1.158427407818e-04 
    3       2.480263314347e-07 
    4       1.599304255020e-08 
    5       1.553020455704e-09 
    6       3.656591212204e-10 
    7       1.653881402215e-10 
    8       9.633190538453e-11 
    9       7.172269151217e-11 
   10       6.486760359775e-11 
   11       6.563700386838e-11 
   12       6.978526037492e-11 
   13       7.533876862364e-11 
   14       8.135843940974e-11 
   15       8.746940104341e-11 
   16       9.351182317554e-11 
   17       9.925768742506e-11 
   18       9.376737994585e-11 
   19       1.099148264475e-10 
   20       1.183730172538e-10 
   21       1.193047847439e-10 
   22       1.224156419870e-10 
   23       1.276135753152e-10 
   24       1.317819640003e-10 
   25       1.349530856239e-10 
   26       1.381168255654e-10 
   27       1.414073065966e-10 
   28       1.446567395129e-10 
   29       1.476855609886e-10 
   30       1.505071145661e-10 
   31       1.532025141108e-10 
   32       1.558511553046e-10 
   33       1.584669378957e-10 
   34       1.610374275190e-10 
   35       1.635471876541e-10 
   36       1.660052529968e-10 
   37       1.684259773218e-10 
   38       1.708211916899e-10 
   39       1.732003001171e-10 
   40       1.755716821767e-10 
   41       1.779410277860e-10 
   42       1.803104436391e-10 
   43       1.826802555008e-10 
   44       1.850560460682e-10 
   45       1.874431288688e-10 
   46       1.898442745564e-10 
   47       1.922594460423e-10 
   48       1.946877722287e-10 
   49       1.971347451496e-10 
   50       1.996065965406e-10 
   51       2.021080894206e-10 
   52       2.046423674368e-10 
   53       2.072113328073e-10 
   54       2.098172410345e-10 
   55       2.124612536907e-10 
   56       2.151428201157e-10 
   57       2.178595489249e-10 
   58       2.206070795183e-10 
   59       2.233809862156e-10 
   60       2.261832988663e-10 
   61       2.290172721205e-10 
   62       2.318854275728e-10 
   63       2.347894941739e-10 
   64       2.377303486414e-10 
   65       2.407084847585e-10 
   66       2.437256706352e-10 
   67       2.467835369429e-10 
   68       2.498830350393e-10 
   69       2.530243921736e-10 
   70       2.562070666917e-10 
   71       2.594297032415e-10 
   72       2.626908351350e-10 
   73       2.659912470597e-10 
   74       2.693319870502e-10 
   75       2.727136322500e-10 
   76       2.761362611757e-10 
   77       2.795994259797e-10 
   78       2.831021247149e-10 
   79       2.866427735972e-10 
   80       2.902198036524e-10 
   81       2.938336310029e-10 
   82       2.974849797215e-10 
   83       3.011742719160e-10 
   84       3.049016115553e-10 
   85       3.086667682956e-10 
   86       3.124691613070e-10 
   87       3.163078430992e-10 
   88       3.201814833482e-10 
   89       3.240887891421e-10 
   90       3.280298765254e-10 
   91       3.320050853078e-10 
   92       3.360145522961e-10 
   93       3.400582016582e-10 
   94       3.441357352875e-10 
   95       3.482466231678e-10 
   96       3.523900937368e-10 
   97       3.565651242511e-10 
   98       3.607704311502e-10 
   99       3.650047569212e-10 
  100       3.692677978831e-10 
  101       3.735593905261e-10 
  102       3.778792207702e-10 
  103       3.822268179232e-10 
  104       3.866015486389e-10 
  105       3.910026108759e-10 
  106       3.954290278554e-10 
  107       3.998796420194e-10 
  108       4.043531089897e-10 
  109       4.088478915253e-10 
  110       4.133625175516e-10 
  111       4.178964047395e-10 
  112       4.224491306384e-10 
  113       4.270201746327e-10 
  114       4.316089144952e-10 
  115       4.362146229407e-10 
  116       4.408364641795e-10 
  117       4.454734904711e-10 
  118       4.501246386775e-10 
  119       4.547887268173e-10 
  120       4.594644506185e-10 
  121       4.641503800730e-10 
  122       4.688449559894e-10 
  123       4.735466762598e-10 
  124       4.782546862298e-10 
  125       4.829682499722e-10 
  126       4.876865647148e-10 
  127       4.924087588870e-10 
  128       4.971338901658e-10 
  129       5.018609435220e-10 
  130       5.065888292666e-10 
  131       5.113163810966e-10 
  132       5.160423541418e-10 
  133       5.207654230102e-10 
  134       5.254841798350e-10 
  135       5.301971323202e-10 
  136       5.349027017874e-10 
  137       5.395993601979e-10 
  138       5.442860613611e-10 
  139       5.489618508503e-10 
  140       5.536257299689e-10 
  141       5.582766546778e-10 
  142       5.629135345243e-10 
  143       5.675352315703e-10 
  144       5.721405593203e-10 
  145       5.767282816502e-10 
  146       5.812971117353e-10 
  147       5.858457109785e-10 
  148       5.903726879390e-10 
  149       5.948765972604e-10 
  150       5.993559385990e-10 
  151       6.038091555519e-10 
  152       6.082346345858e-10 
  153       6.126308165509e-10 
  154       6.169965451408e-10 
  155       6.213307489249e-10 
  156       6.256323311791e-10 
  157       6.299001693874e-10 
  158       6.341331147435e-10 
  159       6.383299916528e-10 
  160       6.424895972340e-10 
  161       6.466107008205e-10 
  162       6.506920434626e-10 
  163       6.547323374287e-10 
  164       6.587302657076e-10 
  165       6.626844815095e-10 
  166       6.665936077684e-10 
  167       6.704562366433e-10 
  168       6.742709290202e-10 
  169       6.780362140136e-10 
  170       6.817505884684e-10 
  171       6.854126140157e-10 
  172       6.890212183656e-10 
  173       6.925754182987e-10 
  174       6.960742242736e-10 
  175       6.995166403267e-10 
  176       7.029016639718e-10 
  177       7.062282860999e-10 
  178       7.094954908790e-10 
  179       7.127022556536e-10 
  180       7.158475508449e-10 
  181       7.189303398498e-10 
  182       7.219495789413e-10 
  183       7.249042171678e-10 
  184       7.277931962529e-10 
  185       7.306154504956e-10 
  186       7.333699066690e-10 
  187       7.360554839212e-10 
  188       7.386710936742e-10 
  189       7.412156395240e-10 
  190       7.436880171400e-10 
  191       7.460871914210e-10 
  192       7.484124346332e-10 
  193       7.506631059821e-10 
  194       7.528385761148e-10 
  195       7.549382272724e-10 
  196       7.569614534426e-10 
  197       7.589076605121e-10 
  198       7.607762664191e-10 
  199       7.625667013061e-10 
  200       7.642784076721e-10 
  201       7.659108405252e-10 
  202       7.674634675354e-10 
  203       7.689357691868e-10 
  204       7.703272389301e-10 
  205       7.716373833355e-10 
  206       7.728657222449e-10 
  207       7.740117889243e-10 
  208       7.750751302170e-10 
  209       7.760553066951e-10 
  210       7.769518928131e-10 
  211       7.777644770595e-10 
  212       7.784926621100e-10 
  213       7.791361024353e-10 
  214       7.796946196343e-10 
  215       7.801680951874e-10 
  216       7.805564339512e-10 
  217       7.808595644091e-10 
  218       7.810774389223e-10 
  219       7.812100339815e-10 
  220       7.812573504575e-10 
  221       7.812194138529e-10 
  222       7.810962745523e-10 
  223       7.808880080745e-10 
  224       7.805947153230e-10 
  225       7.802165228372e-10 
  226       7.797535830436e-10 
  227       7.792060745070e-10 
  228       7.785742021816e-10 
  229       7.778581976620e-10 
  230       7.770583194345e-10 
  231       7.761748531281e-10 
  232       7.752081117657e-10 
  233       7.741584360153e-10 
  234       7.730261944409e-10 
  235       7.718117837540e-10 
  236       7.705156290643e-10 
  237       7.691381841312e-10 
  238       7.676799251503e-10 
  239       7.661413311766e-10 
  240       7.645229030022e-10 
  241       7.628251697509e-10 
  242       7.610486891146e-10 
  243       7.591940475919e-10 
  244       7.572618607249e-10 
  245       7.552527733370e-10 
  246       7.531674597700e-10 
  247       7.510066241223e-10 
  248       7.487710004858e-10 
  249       7.464613531835e-10 
  250       7.440784770072e-10 
  251       7.416231974547e-10 
  252       7.390963709676e-10 
  253       7.364988851686e-10 
  254       7.338316590991e-10 
  255       7.310956434565e-10 
  256       7.282918208320e-10 
  257       7.254212059478e-10 
  258       7.224848458947e-10 
  259       7.194838203698e-10 
  260       7.164192419137e-10 
  261       7.132922561479e-10 
  262       7.101040420127e-10 
  263       7.068558120046e-10 
  264       7.035488124134e-10 
  265       7.001843235602e-10 
  266       6.967636003437e-10 
  267       6.932876898143e-10 
  268       6.897576041565e-10 
  269       6.861743796229e-10 
  270       6.825390766716e-10 
  271       6.788527801022e-10 
  272       6.751165991932e-10 
  273       6.713316678379e-10 
  274       6.674991446814e-10 
  275       6.636202132574e-10 
  276       6.596960821243e-10 
  277       6.557279850025e-10 
  278       6.517171809104e-10 
  279       6.476649543016e-10 
  280       6.435726152012e-10 
  281       6.394414993425e-10 
  282       6.352729683037e-10 
  283       6.310684096445e-10 
  284       6.268292370426e-10 
  285       6.225568904307e-10 
  286       6.182528361329e-10 
  287       6.139185670012e-10 
  288       6.095556025523e-10 
  289       6.051654891046e-10 
  290       6.007497999139e-10 
  291       5.963101353111e-10 
  292       5.918481228381e-10 
  293       5.873654173848e-10 
  294       5.828637013255e-10 
  295       5.783446846559e-10 
  296       5.738101051293e-10 
  297       5.692616234312e-10 
  298       5.647005027744e-10 
  299       5.601279139631e-10 
  300       5.555450389431e-10 
  301       5.509530707959e-10 
  302       5.463532137333e-10 
  303       5.417466830915e-10 
  304       5.371347053256e-10 
  305       5.325185180039e-10 
  306       5.278993698020e-10 
  307       5.232785204976e-10 
  308       5.186572409642e-10 
  309       5.140368131659e-10 
  310       5.094185301518e-10 
  311       5.048036960498e-10 
  312       5.001936260615e-10 
  313       4.955896464559e-10 
  314       4.909930945646e-10 
  315       4.864053187751e-10 
  316       4.818276785262e-10 
  317       4.772615443013e-10 
  318       4.727082976234e-10 
  319       4.681693310493e-10 
  320       4.636460481637e-10 
  321       4.591398635738e-10 
  322       4.546522029035e-10 
  323       4.501845027877e-10 
  324       4.457382108665e-10 
  325       4.413147857801e-10 
  326       4.369156971624e-10 
  327       4.325424256357e-10 
  328       4.281964628050e-10 
  329       4.238793112523e-10 
  330       4.195924845308e-10 
  331       4.153375071597e-10 
  332       4.111157980447e-10 
  333       4.069283151358e-10 
  334       4.027758952524e-10 
  335       3.986593691254e-10 
  336       3.945795612656e-10 
  337       3.905372898314e-10 
  338       3.865333664960e-10 
  339       3.825685963162e-10 
  340       3.786437775993e-10 
  341       3.747597017715e-10 
  342       3.709171532451e-10 
  343       3.671169092871e-10 
  344       3.633597398862e-10 
  345       3.596464076210e-10 
  346       3.559776675279e-10 
  347       3.523542669685e-10 
  348       3.487769454978e-10 
  349       3.452464347316e-10 
  350       3.417634582148e-10 
  351       3.383287312888e-10 
  352       3.349429609593e-10 
  353       3.316068457642e-10 
  354       3.283210756416e-10 
  355       3.250863317973e-10 
  356       3.219032865725e-10 
  357       3.187726033121e-10 
  358       3.156949362319e-10 
  359       3.126709302869e-10 
  360       3.097012210388e-10 
  361       3.067864345237e-10 
  362       3.039271871203e-10 
  363       3.011240854173e-10 
  364       2.983777260814e-10 
  365       2.956886957252e-10 
  366       2.930575707746e-10 
  367       2.904849173370e-10 
  368       2.879712910689e-10 
  369       2.855172370437e-10 
  370       2.831232896195e-10 
  371       2.807899131349e-10 
  372       2.785173217082e-10 
  373       2.763056521327e-10 
  374       2.741550222300e-10 
  375       2.720655306662e-10 
  376       2.700372567683e-10 
  377       2.680702603404e-10 
  378       2.661645814803e-10 
  379       2.643202403957e-10 
  380       2.625372372205e-10 
  381       2.608155518313e-10 
  382       2.591551436636e-10 
  383       2.575559515281e-10 
  384       2.560178934273e-10 
  385       2.545408663717e-10 
  386       2.531247461960e-10 
  387       2.517693873757e-10 
  388       2.504746228433e-10 
  389       2.492402638046e-10 
  390       2.480660995553e-10 
  391       2.469518972969e-10 
  392       2.458974019537e-10 
  393       2.449023359883e-10 
  394       2.439663992188e-10 
  395       2.430892686346e-10 
  396       2.422705982127e-10 
  397       2.415100187347e-10 
  398       2.408071376023e-10 
  399       2.401615386543e-10 
  400       2.395727819823e-10 
  401       2.390404037479e-10 
  402       2.385639159984e-10 
  403       2.381428064831e-10 
  404       2.377765384702e-10 
  405       2.374645505626e-10 
  406       2.372062565145e-10 
  407       2.370010450479e-10 
  408       2.368482796684e-10 
  409       2.367472984822e-10 
  410       2.366974557394e-10 
  411       2.366982484610e-10 
  412       2.367491939359e-10 
  413       2.368497882458e-10 
  414       2.369995061106e-10 
  415       2.371978007350e-10 
  416       2.374441036542e-10 
  417       2.377378245801e-10 
  418       2.380783512472e-10 
  419       2.384650492592e-10 
  420       2.388972619342e-10 
  421       2.393743101516e-10 
  422       2.398954921975e-10 
  423       2.404600836113e-10 
  424       2.410673370314e-10 
  425       2.417164820413e-10 
  426       2.424067250159e-10 
  427       2.431372489673e-10 
  428       2.439072133910e-10 
  429       2.447157541118e-10 
  430       2.455619831301e-10 
  431       2.464449884678e-10 
  432       2.473638340144e-10 
  433       2.483175593732e-10 
  434       2.493051797070e-10 
  435       2.503256855844e-10 
  436       2.513780428261e-10 
  437       2.524611923505e-10 
  438       2.535740500200e-10 
  439       2.547155064870e-10 
  440       2.558844270401e-10 
  441       2.570796514500e-10 
  442       2.582999938155e-10 
  443       2.595442424099e-10 
  444       2.608111595267e-10 
  445       2.620994813257e-10 
  446       2.634079176794e-10 
  447       2.647351520187e-10 
  448       2.660798411789e-10 
  449       2.674407408902e-10 
  450       2.688170870316e-10 
  451       2.702082264154e-10 
  452       2.716134921785e-10 
  453       2.730322037039e-10 
  454       2.744636665412e-10 
  455       2.759071723270e-10 
  456       2.773619987059e-10 
  457       2.788274092511e-10 
  458       2.803026533850e-10 
  459       2.817869662998e-10 
  460       2.832795688786e-10 
  461       2.847796676155e-10 
  462       2.862864545368e-10 
  463       2.877991071214e-10 
  464       2.893167882215e-10 
  465       2.908386459833e-10 
  466       2.923638137678e-10 
  467       2.938914100714e-10 
  468       2.954205384465e-10 
  469       2.969502874223e-10 
  470       2.984797304254e-10 
  471       3.000079257006e-10 
  472       3.015339162314e-10 
  473       3.030567296610e-10 
  474       3.045753782124e-10 
  475       3.060888586098e-10 
  476       3.075961519988e-10 
  477       3.090962238672e-10 
  478       3.105880239657e-10 
  479       3.120704862287e-10 
  480       3.135425286948e-10 
  481       3.150030534274e-10 
  482       3.164509464358e-10 
  483       3.178850775954e-10 
  484       3.193043005687e-10 
  485       3.207074527259e-10 
  486       3.220933550654e-10 
  487       3.234608121348e-10 
  488       3.248087598628e-10 
  489       3.261367140631e-10 
  490       3.274443351416e-10 
  491       3.287312813888e-10 
  492       3.299972089749e-10 
  493       3.312417719446e-10 
  494       3.324646222124e-10 
  495       3.336654095578e-10 
  496       3.348437816199e-10 
  497       3.359993838928e-10 
  498       3.371318597208e-10 
  499       3.382408502930e-10 
  500       3.393259946387e-10 
  501       3.403869296225e-10 
  502       3.414232899391e-10 
  503       3.424347081086e-10 
  504       3.434208144714e-10 
  505       3.443812371834e-10 
  506       3.453156022109e-10 
  507       3.462235333258e-10 
  508       3.471046521007e-10 
  509       3.479585779037e-10 
  510       3.487849278939e-10 
  511       3.495833170159e-10 
  512       3.503533579954e-10 
  513       3.510946613340e-10 
  514       3.518068353042e-10 
  515       3.524894859445e-10 
  516       3.531422170548e-10 
  517       3.537646301908e-10 
  518       3.543563246598e-10 
  519       3.549168975151e-10 
  520       3.554459435516e-10 
  521       3.559430553005e-10 
  522       3.564078230245e-10 
  523       3.568398347128e-10 
  524       3.572386760764e-10 
  525       3.576039305428e-10 
  526       3.579351792513e-10 
  527       3.582320968846e-10 
  528       3.584947420836e-10 
  529       3.587232750429e-10 
  530       3.589178624357e-10 
  531       3.590786774508e-10 
  532       3.592058998281e-10 
  533       3.592997158959e-10 
  534       3.593603186067e-10 
  535       3.593879075737e-10 
  536       3.593826891073e-10 
  537       3.593448762516e-10 
  538       3.592746888204e-10 
  539       3.591723534340e-10 
  540       3.590381035555e-10 
  541       3.588721795269e-10 
  542       3.586748286058e-10 
  543       3.584463050019e-10 
  544       3.581868699128e-10 
  545       3.578967915612e-10 
  546       3.575763452307e-10 
  547       3.572258133023e-10 
  548       3.568454852910e-10 
  549       3.564356578821e-10 
  550       3.559966349673e-10 
  551       3.555287276816e-10 
  552       3.550322544394e-10 
  553       3.545075409709e-10 
  554       3.539549203584e-10 
  555       3.533747330730e-10 
  556       3.527673270108e-10 
  557       3.521330575291e-10 
  558       3.514722874833e-10 
  559       3.507853872627e-10 
  560       3.500727348274e-10 
  561       3.493347157442e-10 
  562       3.485717232237e-10 
  563       3.477841581557e-10 
  564       3.469724291467e-10 
  565       3.461369525554e-10 
  566       3.452781613170e-10 
  567       3.443965315910e-10 
  568       3.434925568707e-10 
  569       3.425667392972e-10 
  570       3.416195896995e-10 
  571       3.406516276337e-10 
  572       3.396633814229e-10 
  573       3.386553881970e-10 
  574       3.376281939321e-10 
  575       3.365823534904e-10 
  576       3.355184306598e-10 
  577       3.344369981935e-10 
  578       3.333386378498e-10 
  579       3.322239404318e-10 
  580       3.310935058268e-10 
  581       3.299479430465e-10 
  582       3.287878702661e-10 
  583       3.276139148644e-10 
  584       3.264267134632e-10 
  585       3.252269119672e-10 
  586       3.240151656037e-10 
  587       3.227921389618e-10 
  588       3.215585060327e-10 
  589       3.203149502492e-10 
  590       3.190621645250e-10 
  591       3.178008512950e-10 
  592       3.165317225544e-10 
  593       3.152554998987e-10 
  594       3.139729145634e-10 
  595       3.126847074634e-10 
  596       3.113916292332e-10 
  597       3.100944402657e-10 
  598       3.087939107531e-10 
  599       3.074908207252e-10 
  600       3.061859600904e-10 
  601       3.048801286744e-10 
  602       3.035741362602e-10 
  603       3.022688026281e-10 
  604       3.009649575948e-10 
  605       2.996633757833e-10 
  606       2.983645791252e-10 
  607       2.970690296809e-10 
  608       2.957771944980e-10 
  609       2.944895456295e-10 
  610       2.932065601517e-10 
  611       2.919287201834e-10 
  612       2.906565129031e-10 
  613       2.893904305684e-10 
  614       2.881309705335e-10 
  615       2.868786352681e-10 
  616       2.856339323751e-10 
  617       2.843973746097e-10 
  618       2.831694798968e-10 
  619       2.819507713502e-10 
  620       2.807417772902e-10 
  621       2.795430312625e-10 
  622       2.783550720561e-10 
  623       2.771784437216e-10 
  624       2.760136955900e-10 
  625       2.748613822905e-10 
  626       2.737220637688e-10 
  627       2.725963053061e-10 
  628       2.714846775364e-10 
  629       2.703877564658e-10 
  630       2.693061234901e-10 
  631       2.682403654133e-10 
  632       2.671910744662e-10 
  633       2.661588483245e-10 
  634       2.651442901269e-10 
  635       2.641480084939e-10 
  636       2.631706175456e-10 
  637       2.622127369205e-10 
  638       2.612749917934e-10 
  639       2.603580128939e-10 
  640       2.594624365249e-10 
  641       2.585889045805e-10 
  642       2.577380645647e-10 
  643       2.569105696094e-10 
  644       2.561069885974e-10 
  645       2.553275342601e-10 
  646       2.545723289628e-10 
  647       2.538414940352e-10 
  648       2.531351497643e-10 
  649       2.524534153863e-10 
  650       2.517964090791e-10 
  651       2.511642479546e-10 
  652       2.505570480512e-10 
  653       2.499749243259e-10 
  654       2.494179906469e-10 
  655       2.488863597858e-10 
  656       2.483801434099e-10 
  657       2.478994520746e-10 
  658       2.474443952159e-10 
  659       2.470150811423e-10 
  660       2.466116170279e-10 
  661       2.462341089038e-10 
  662       2.458826616514e-10 
  663       2.455573789938e-10 
  664       2.452583634891e-10 
  665       2.449857165219e-10 
  666       2.447395382961e-10 
  667       2.445199278274e-10 
  668       2.443269829352e-10 
  669       2.441608002350e-10 
  670       2.440214751312e-10 
  671       2.439091018090e-10 
  672       2.438237732268e-10 
  673       2.437655811088e-10 
  674       2.437346159371e-10 
  675       2.437309669441e-10 
  676       2.437547221049e-10 
  677       2.438059681294e-10 
  678       2.438847904553e-10 
  679       2.439912732396e-10 
  680       2.441254993515e-10 
  681       2.442875503645e-10 
  682       2.444775065491e-10 
  683       2.446953886879e-10 
  684       2.449409821761e-10 
  685       2.452140091514e-10 
  686       2.455141863084e-10 
  687       2.458412248753e-10 
  688       2.461948305922e-10 
  689       2.465747036878e-10 
  690       2.469805388571e-10 
  691       2.474120252388e-10 
  692       2.478688463927e-10 
  693       2.483506802768e-10 
  694       2.488571992254e-10 
  695       2.493880699255e-10 
  696       2.499429533954e-10 
  697       2.505215049609e-10 
  698       2.511233742336e-10 
  699       2.517482050879e-10 
  700       2.523956356384e-10 
  701       2.530652982174e-10 
  702       2.537568193523e-10 
  703       2.544698197429e-10 
  704       2.552039142390e-10 
  705       2.559587118176e-10 
  706       2.567338155603e-10 
  707       2.575288226309e-10 
  708       2.583433242527e-10 
  709       2.591769056858e-10 
  710       2.600291462045e-10 
  711       2.608996190750e-10 
  712       2.617878915324e-10 
  713       2.626935247584e-10 
  714       2.636160738586e-10 
  715       2.645550878397e-10 
  716       2.655101095873e-10 
  717       2.664806758430e-10 
  718       2.674663171820e-10 
  719       2.684665579902e-10 
  720       2.694809164419e-10 
  721       2.705089044772e-10 
  722       2.715500323897e-10 
  723       2.726038227377e-10 
  724       2.736697966696e-10 
  725       2.747474693169e-10 
  726       2.758363497729e-10 
  727       2.769359410712e-10 
  728       2.780457401640e-10 
  729       2.791652379007e-10 
  730       2.802939190064e-10 
  731       2.814312620601e-10 
  732       2.825767394735e-10 
  733       2.837298174690e-10 
  734       2.848899560589e-10 
  735       2.860566090231e-10 
  736       2.872292238879e-10 
  737       2.884072419046e-10 
  738       2.895900980277e-10 
  739       2.907772208933e-10 
  740       2.919680327981e-10 
  741       2.931619496771e-10 
  742       2.943583810827e-10 
  743       2.955567301628e-10 
  744       2.967563936395e-10 
  745       2.979567617872e-10 
  746       2.991572184115e-10 
  747       3.003571408273e-10 
  748       3.015558998375e-10 
  749       3.027528597114e-10 
  750       3.039473781631e-10 
  751       3.051388063300e-10 
  752       3.063264887511e-10 
  753       3.075097633460e-10 
  754       3.086879613926e-10 
  755       3.098604075062e-10 
  756       3.110264196176e-10 
  757       3.121853089516e-10 
  758       3.133363800056e-10 
  759       3.144789305280e-10 
  760       3.156122514966e-10 
  761       3.167356854985e-10 
  762       3.178488031391e-10 
  763       3.189512299724e-10 
  764       3.200425883960e-10 
  765       3.211224976419e-10 
  766       3.221905737672e-10 
  767       3.232464296443e-10 
  768       3.242896749519e-10 
  769       3.253199161652e-10 
  770       3.263367565463e-10 
  771       3.273397961353e-10 
  772       3.283286317404e-10 
  773       3.293028569286e-10 
  774       3.302620620163e-10 
  775       3.312058340597e-10 
  776       3.321337568453e-10 
  777       3.330454108808e-10 
  778       3.339403733853e-10 
  779       3.348182182799e-10 
  780       3.356785161785e-10 
  781       3.365208343780e-10 
  782       3.373447368490e-10 
  783       3.381497842265e-10 
  784       3.389355338000e-10 
  785       3.397015395046e-10 
  786       3.404473519113e-10 
  787       3.411725182173e-10 
  788       3.418765822371e-10 
  789       3.425590843925e-10 
  790       3.432195617034e-10 
  791       3.438575477784e-10 
  792       3.444725728052e-10 
  793       3.450641635412e-10 
  794       3.456318433043e-10 
  795       3.461751319628e-10 
  796       3.466935459267e-10 
  797       3.471865981378e-10 
  798       3.476537980602e-10 
  799       3.480946516713e-10 
  800       3.485087355894e-10 
  801       3.488959209600e-10 
  802       3.492561536349e-10 
  803       3.495893804085e-10 
  804       3.498955490227e-10 
  805       3.501746081711e-10 
  806       3.504265075034e-10 
  807       3.506511976299e-10 
  808       3.508486301261e-10 
  809       3.510187575366e-10 
  810       3.511615333803e-10 
  811       3.512769121542e-10 
  812       3.513648493379e-10 
  813       3.514253013986e-10 
  814       3.514582257947e-10 
  815       3.514635809808e-10 
  816       3.514413264120e-10 
  817       3.513914225484e-10 
  818       3.513138308591e-10 
  819       3.512085138272e-10 
  820       3.510754349540e-10 
  821       3.509145587634e-10 
  822       3.507258508062e-10 
  823       3.505092776648e-10 
  824       3.502648069577e-10 
  825       3.499924073433e-10 
  826       3.496920485252e-10 
  827       3.493637012559e-10 
  828       3.490073373418e-10 
  829       3.486229296470e-10 
  830       3.482104520985e-10 
  831       3.477698796899e-10 
  832       3.473011884863e-10 
  833       3.468043556286e-10 
  834       3.462793593379e-10 
  835       3.457261789198e-10 
  836       3.451447947692e-10 
  837       3.445351883744e-10 
  838       3.438973423215e-10 
  839       3.432312885558e-10 
  840       3.425372540757e-10 
  841       3.418155177822e-10 
  842       3.410663624640e-10 
  843       3.402900748105e-10 
  844       3.394869454243e-10 
  845       3.386572688340e-10 
  846       3.378013435066e-10 
  847       3.369194718604e-10 
  848       3.360119602777e-10 
  849       3.350791191170e-10 
  850       3.341212627260e-10 
  851       3.331387094544e-10 
  852       3.321317816661e-10 
  853       3.311008057522e-10 
  854       3.300461121434e-10 
  855       3.289680353229e-10 
  856       3.278669138390e-10 
  857       3.267430903174e-10 
  858       3.255969114743e-10 
  859       3.244287281288e-10 
  860       3.232388952156e-10 
  861       3.220277717978e-10 
  862       3.207957210792e-10 
  863       3.195431104172e-10 
  864       3.182703113354e-10 
  865       3.169776995364e-10 
  866       3.156656549139e-10 
  867       3.143345615663e-10 
  868       3.129848078082e-10 
  869       3.116167861840e-10 
  870       3.102308934802e-10 
  871       3.088275307376e-10 
  872       3.074071032649e-10 
  873       3.059700206505e-10 
  874       3.045166967755e-10 
  875       3.030475498264e-10 
  876       3.015630023077e-10 
  877       3.000634810542e-10 
  878       2.985494148967e-10 
  879       2.970212275886e-10 
  880       2.954793447864e-10 
  881       2.939241963991e-10 
  882       2.923562166000e-10 
  883       2.907758438397e-10 
  884       2.891835208577e-10 
  885       2.875796946950e-10 
  886       2.859648167065e-10 
  887       2.843393425730e-10 
  888       2.827037323135e-10 
  889       2.810584502980e-10 
  890       2.794039652589e-10 
  891       2.777407503040e-10 
  892       2.760692829285e-10 
  893       2.743900450274e-10 
  894       2.727035229075e-10 
  895       2.710102073001e-10 
  896       2.693105933730e-10 
  897       2.676051807427e-10 
  898       2.658944734870e-10 
  899       2.641789801571e-10 
  900       2.624592137898e-10 
  901       2.607356919200e-10 
  902       2.590089365927e-10 
  903       2.572794743755e-10 
  904       2.555478363710e-10 
  905       2.538145582286e-10 
  906       2.520801801572e-10 
  907       2.503452469376e-10 
  908       2.486103079341e-10 
  909       2.468759171077e-10 
  910       2.451426330275e-10 
  911       2.434110188837e-10 
  912       2.416816424994e-10 
  913       2.399550763431e-10 
  914       2.382318975409e-10 
  915       2.365126878890e-10 
  916       2.347980338656e-10 
  917       2.330884811968e-10 
  918       2.313843977352e-10 
  919       2.296861084224e-10 
  920       2.279939405433e-10 
  921       2.263082237320e-10 
  922       2.246292899774e-10 
  923       2.229574736294e-10 
  924       2.212931114043e-10 
  925       2.196365423910e-10 
  926       2.179881080564e-10 
  927       2.163481522513e-10 
  928       2.147170212167e-10 
  929       2.130950635888e-10 
  930       2.114826304053e-10 
  931       2.098800751113e-10 
  932       2.082877535646e-10 
  933       2.067060240421e-10 
  934       2.051352472451e-10 
  935       2.035757863054e-10 
  936       2.020280067911e-10 
  937       2.004922767122e-10 
  938       1.989689665267e-10 
  939       1.974584491459e-10 
  940       1.959610999409e-10 
  941       1.944772967478e-10 
  942       1.930074198739e-10 
  943       1.915518521032e-10 
  944       1.901109787025e-10 
  945       1.886851874270e-10 
  946       1.872748685261e-10 
  947       1.858804147493e-10 
  948       1.845022213519e-10 
  949       1.831406861009e-10 
  950       1.817962092810e-10 
  951       1.804691936997e-10 
  952       1.791600446940e-10 
  953       1.778691701356e-10 
  954       1.765969804369e-10 
  955       1.753438885567e-10 
  956       1.741102509680e-10 
  957       1.728961895603e-10 
  958       1.717017670279e-10 
  959       1.705270456599e-10 
  960       1.693720873380e-10 
  961       1.682369535344e-10 
  962       1.671217053103e-10 
  963       1.660264033137e-10 
  964       1.649511077773e-10 
  965       1.638958785170e-10 
  966       1.628607749296e-10 
  967       1.618458559910e-10 
  968       1.608511802541e-10 
  969       1.598768058471e-10 
  970       1.589227904716e-10 
  971       1.579891914002e-10 
  972       1.570760654750e-10 
  973       1.561834691056e-10 
  974       1.553114582671e-10 
  975       1.544600884980e-10 
  976       1.536294148984e-10 
  977       1.528194921283e-10 
  978       1.520303744052e-10 
  979       1.512621155025e-10 
  980       1.505147687474e-10 
  981       1.497883870190e-10 
  982       1.490830227465e-10 
  983       1.483987279068e-10 
  984       1.477355540232e-10 
  985       1.470935521631e-10 
  986       1.464727729360e-10 
  987       1.458732664916e-10 
  988       1.452950825182e-10 
  989       1.447382702402e-10 
  990       1.442028784166e-10 
  991       1.436889553389e-10 
  992       1.431965488290e-10 
  993       1.427257062377e-10 
  994       1.422764744422e-10 
  995       1.418488601460e-10 
  996       1.414427101422e-10 
  997       1.410578292885e-10 
  998       1.406940200396e-10 
  999       1.403510824405e-10 
 1000       1.400288141199e-10 
 1001       1.397270102834e-10 
 1002       1.394454637064e-10 
 1003       1.391839647280e-10 
 1004       1.389423012435e-10 
 1005       1.387202586985e-10 
 1006       1.385176200814e-10 
 1007       1.383341659169e-10 
 1008       1.381696742596e-10 
 1009       1.380239206867e-10 
 1010       1.378966782916e-10 
 1011       1.377877176771e-10 
 1012       1.376968069486e-10 
 1013       1.376237117074e-10 
 1014       1.375681950438e-10 
 1015       1.375300175306e-10 
 1016       1.375089372161e-10 
 1017       1.375047096177e-10 
 1018       1.375170877148e-10 
 1019       1.375458219421e-10 
 1020       1.375906601832e-10 
 1021       1.376513477632e-10 
 1022       1.377276274427e-10 
 1023       1.378192394105e-10 
 1024       1.379259212772e-10 
 1025       1.380474080682e-10 
 1026       1.381834322171e-10 
 1027       1.383337235588e-10 
 1028       1.384980093230e-10 
 1029       1.386760141274e-10 
 1030       1.388674599705e-10 
 1031       1.390720662256e-10 
 1032       1.392895496335e-10 
 1033       1.395196242959e-10 
 1034       1.397620002966e-10 
 1035       1.400163795569e-10 
 1036       1.402824599083e-10 
 1037       1.405599364519e-10 
 1038       1.408485015525e-10 
 1039       1.411478448307e-10 
 1040       1.414576531565e-10 
 1041       1.417776106425e-10 
 1042       1.421073986366e-10 
 1043       1.424466957154e-10 
 1044       1.427951776773e-10 
 1045       1.431525175353e-10 
 1046       1.435183855106e-10 
 1047       1.438924490252e-10 
 1048       1.442743726952e-10 
 1049       1.446638183240e-10 
 1050       1.450604448953e-10 
 1051       1.454639085663e-10 
 1052       1.458738626604e-10 
 1053       1.462899576609e-10 
 1054       1.467118412038e-10 
 1055       1.471391580707e-10 
 1056       1.475715501822e-10 
 1057       1.480086565909e-10 
 1058       1.484501134746e-10 
 1059       1.488955541292e-10 
 1060       1.493446089619e-10 
 1061       1.497969054842e-10 
 1062       1.502520683053e-10 
 1063       1.507097191249e-10 
 1064       1.511694767263e-10 
 1065       1.516309569697e-10 
 1066       1.520937727852e-10 
 1067       1.525575341659e-10 
 1068       1.530218481608e-10 
 1069       1.534863188684e-10 
 1070       1.539505474291e-10 
 1071       1.544141320192e-10 
 1072       1.548766678429e-10 
 1073       1.553377785361e-10 
 1074       1.557972108569e-10 
 1075       1.562547412702e-10 
 1076       1.567101446516e-10 
 1077       1.571631942836e-10 
 1078       1.576136618519e-10 
 1079       1.580613174420e-10 
 1080       1.585059295354e-10 
 1081       1.589472650059e-10 
 1082       1.593850891162e-10 
 1083       1.598191655140e-10 
 1084       1.602492562288e-10 
 1085       1.606751216676e-10 
 1086       1.610965206119e-10 
 1087       1.615132102138e-10 
 1088       1.619249459923e-10 
 1089       1.623314818299e-10 
 1090       1.627325699685e-10 
 1091       1.631279610066e-10 
 1092       1.635174038947e-10 
 1093       1.639006459325e-10 
 1094       1.642774327646e-10 
 1095       1.646475083774e-10 
 1096       1.650106150952e-10 
 1097       1.653664935766e-10 
 1098       1.657148828108e-10 
 1099       1.660555201142e-10 
 1100       1.663881411264e-10 
 1101       1.667124798072e-10 
 1102       1.670282684321e-10 
 1103       1.673352375894e-10 
 1104       1.676331161763e-10 
 1105       1.679216313952e-10 
 1106       1.682005087502e-10 
 1107       1.684694720433e-10 
 1108       1.687282433710e-10 
 1109       1.689765431206e-10 
 1110       1.692140899662e-10 
 1111       1.694406008659e-10 
 1112       1.696558333463e-10 
 1113       1.698597129760e-10 
 1114       1.700522075600e-10 
 1115       1.702332850040e-10 
 1116       1.704029133138e-10 
 1117       1.705610605967e-10 
 1118       1.707076950613e-10 
 1119       1.708427850182e-10 
 1120       1.709662988807e-10 
 1121       1.710782051648e-10 
 1122       1.711784724903e-10 
 1123       1.712670695804e-10 
 1124       1.713439652631e-10 
 1125       1.714091284711e-10 
 1126       1.714625282423e-10 
 1127       1.715041337205e-10 
 1128       1.715339141557e-10 
 1129       1.715518389047e-10 
 1130       1.715578774314e-10 
 1131       1.715519993074e-10 
 1132       1.715341742124e-10 
 1133       1.715043719347e-10 
 1134       1.714625623716e-10 
 1135       1.714087155302e-10 
 1136       1.713428015274e-10 
 1137       1.712647905905e-10 
 1138       1.711746530579e-10 
 1139       1.710723593795e-10 
 1140       1.709578801167e-10 
 1141       1.708311859438e-10 
 1142       1.706922476475e-10 
 1143       1.705410361279e-10 
 1144       1.703775223990e-10 
 1145       1.702016775889e-10 
 1146       1.700134729406e-10 
 1147       1.698128798119e-10 
 1148       1.695998696766e-10 
 1149       1.693744141245e-10 
 1150       1.691364848620e-10 
 1151       1.688860822752e-10 
 1152       1.686233215161e-10 
 1153       1.683483475101e-10 
 1154       1.680613064962e-10 
 1155       1.677623460296e-10 
 1156       1.674516149847e-10 
 1157       1.671292635584e-10 
 1158       1.667954432731e-10 
 1159       1.664503069796e-10 
 1160       1.660940088603e-10 
 1161       1.657267044323e-10 
 1162       1.653485505503e-10 
 1163       1.649597054097e-10 
 1164       1.645603285497e-10 
 1165       1.641505808564e-10 
 1166       1.637306245657e-10 
 1167       1.633006232665e-10 
 1168       1.628607419037e-10 
 1169       1.624111467811e-10 
 1170       1.619520055650e-10 
 1171       1.614834872864e-10 
 1172       1.610057623449e-10 
 1173       1.605190025111e-10 
 1174       1.600233809300e-10 
 1175       1.595190721242e-10 
 1176       1.590062519964e-10 
 1177       1.584850978331e-10 
 1178       1.579557883070e-10 
 1179       1.574185034808e-10 
 1180       1.568734248096e-10 
 1181       1.563207351443e-10 
 1182       1.557606187345e-10 
 1183       1.551932612317e-10 
 1184       1.546188496922e-10 
 1185       1.540375725803e-10 
 1186       1.534496197714e-10 
 1187       1.528551825546e-10 
 1188       1.522544536364e-10 
 1189       1.516476271434e-10 
 1190       1.510349005653e-10 
 1191       1.504164806045e-10 
 1192       1.497925774043e-10 
 1193       1.491634026190e-10 
 1194       1.485291694170e-10 
 1195       1.478900924840e-10 
 1196       1.472463880260e-10 
 1197       1.465982737730e-10 
 1198       1.459459689819e-10 
 1199       1.452896944395e-10 
 1200       1.446296724664e-10 
 1201       1.439661269195e-10 
 1202       1.432992831956e-10 
 1203       1.426293682347e-10 
 1204       1.419566105228e-10 
 1205       1.412812400955e-10 
 1206       1.406034885413e-10 
 1207       1.399235890042e-10 
 1208       1.392417761877e-10 
 1209       1.385582863576e-10 
 1210       1.378733573450e-10 
 1211       1.371872285503e-10 
 1212       1.365001409454e-10 
 1213       1.358123370777e-10 
 1214       1.351240610731e-10 
 1215       1.344355586390e-10 
 1216       1.337470770679e-10 
 1217       1.330588652402e-10 
 1218       1.323711736277e-10 
 1219       1.316842542968e-10 
 1220       1.309983609116e-10 
 1221       1.303137487373e-10 
 1222       1.296306746433e-10 
 1223       1.289493971062e-10 
 1224       1.282701762134e-10 
 1225       1.275932736663e-10 
 1226       1.269189527832e-10 
 1227       1.262474785027e-10 
 1228       1.255791173871e-10 
 1229       1.249141162482e-10 
 1230       1.242526377419e-10 
 1231       1.235948240141e-10 
 1232       1.229408180100e-10 
 1233       1.222907634751e-10 
 1234       1.216448049574e-10 
 1235       1.210030878085e-10 
 1236       1.203657581851e-10 
 1237       1.197329630507e-10 
 1238       1.191048501771e-10 
 1239       1.184815681458e-10 
 1240       1.178632663496e-10 
 1241       1.172500949942e-10 
 1242       1.166422050996e-10 
 1243       1.160397485015e-10 
 1244       1.154428778532e-10 
 1245       1.148517466270e-10 
 1246       1.142665091153e-10 
 1247       1.136873204326e-10 
 1248       1.131143365170e-10 
 1249       1.125477141314e-10 
 1250       1.119876108654e-10 
 1251       1.114341851365e-10 
 1252       1.108875961918e-10 
 1253       1.103480041096e-10 
 1254       1.098155698005e-10 
 1255       1.092904550096e-10 
 1256       1.087728223174e-10 
 1257       1.082628351416e-10 
 1258       1.077606577388e-10 
 1259       1.072664552056e-10 
 1260       1.067803934803e-10 
 1261       1.063026393447e-10 
 1262       1.058333604252e-10 
 1263       1.053727251945e-10 
 1264       1.049209029733e-10 
 1265       1.044780639314e-10 
 1266       1.040443790896e-10 
 1267       1.036200203212e-10 
 1268       1.032051317819e-10 
 1269       1.027997438364e-10 
 1270       1.024038581430e-10 
 1271       1.020174761334e-10 
 1272       1.016405990131e-10 
 1273       1.012732277600e-10 
 1274       1.009153631243e-10 
 1275       1.005670056275e-10 
 1276       1.002281555621e-10 
 1277       9.989881299090e-11 
 1278       9.957897774637e-11 
 1279       9.926864943000e-11 
 1280       9.896782741172e-11 
 1281       9.867651082935e-11 
 1282       9.839469858793e-11 
 1283       9.812238935910e-11 
 1284       9.785958158057e-11 
 1285       9.760627345541e-11 
 1286       9.736246295152e-11 
 1287       9.712814780098e-11 
 1288       9.690332549947e-11 
 1289       9.668799330562e-11 
 1290       9.648214824046e-11 
 1291       9.628578708673e-11 
 1292       9.609890638837e-11 
 1293       9.592150244984e-11 
 1294       9.575357133551e-11 
 1295       9.559510886911e-11 
 1296       9.544611063306e-11 
 1297       9.530657196789e-11 
 1298       9.517648797165e-11 
 1299       9.505585349924e-11 
 1300       9.494466316186e-11 
 1301       9.484291132640e-11 
 1302       9.475059211477e-11 
 1303       9.466769940338e-11 
 1304       9.459422682245e-11 
 1305       9.453016775546e-11 
 1306       9.447551533850e-11 
 1307       9.443024349759e-11 
 1308       9.439424982965e-11 
 1309       9.436741208132e-11 
 1310       9.434960705120e-11 
 1311       9.434071058790e-11 
 1312       9.434059758807e-11 
 1313       9.434914199450e-11 
 1314       9.436621679414e-11 
 1315       9.439169401622e-11 
 1316       9.442544473022e-11 
 1317       9.446733904404e-11 
 1318       9.451724610196e-11 
 1319       9.457503408277e-11 
 1320       9.464057019778e-11 
 1321       9.471372068894e-11 
 1322       9.479435082683e-11 
 1323       9.488232490878e-11 
 1324       9.497750625688e-11 
 1325       9.507975721610e-11 
 1326       9.518893915228e-11 
 1327       9.530491245025e-11 
 1328       9.542753651187e-11 
 1329       9.555666975407e-11 
 1330       9.569216960693e-11 
 1331       9.583389251176e-11 
 1332       9.598169391911e-11 
 1333       9.613542828687e-11 
 1334       9.629494907832e-11 
 1335       9.646010876020e-11 
 1336       9.663075880073e-11 
 1337       9.680674966774e-11 
 1338       9.698793082665e-11 
 1339       9.717415073860e-11 
 1340       9.736525685846e-11 
 1341       9.756109563293e-11 
 1342       9.776151249858e-11 
 1343       9.796635187989e-11 
 1344       9.817545718736e-11 
 1345       9.838867081551e-11 
 1346       9.860583420559e-11 
 1347       9.882678803804e-11 
 1348       9.905137203821e-11 
 1349       9.927942491008e-11 
 1350       9.951078433429e-11 
 1351       9.974528696619e-11 
 1352       9.998276843396e-11 
 1353       1.002230633366e-10 
 1354       1.004660052421e-10 
 1355       1.007114266854e-10 
 1356       1.009591591664e-10 
 1357       1.012090331484e-10 
 1358       1.014608780555e-10 
 1359       1.017145222713e-10 
 1360       1.019697931368e-10 
 1361       1.022265169481e-10 
 1362       1.024845189549e-10 
 1363       1.027436233583e-10 
 1364       1.030036533093e-10 
 1365       1.032644309061e-10 
 1366       1.035257771929e-10 
 1367       1.037875121575e-10 
 1368       1.040494547295e-10 
 1369       1.043114227787e-10 
 1370       1.045732331126e-10 
 1371       1.048347014746e-10 
 1372       1.050956425425e-10 
 1373       1.053558699261e-10 
 1374       1.056151961655e-10 
 1375       1.058734327288e-10 
 1376       1.061303900109e-10 
 1377       1.063858773307e-10 
 1378       1.066397029298e-10 
 1379       1.068916739703e-10 
 1380       1.071415965329e-10 
 1381       1.073892756150e-10 
 1382       1.076345151286e-10 
 1383       1.078771178987e-10 
 1384       1.081168856609e-10 
 1385       1.083536352838e-10 
 1386       1.085872476243e-10 
 1387       1.088176191845e-10 
 1388       1.090446459327e-10 
 1389       1.092682233036e-10 
 1390       1.094882461966e-10 
 1391       1.097046089750e-10 
 1392       1.099172054656e-10 
 1393       1.101259289571e-10 
 1394       1.103306721996e-10 
 1395       1.105313274035e-10 
 1396       1.107277862387e-10 
 1397       1.109199398336e-10 
 1398       1.111076787741e-10 
 1399       1.112908931029e-10 
 1400       1.114694723184e-10 
 1401       1.116433053737e-10 
 1402       1.118122806762e-10 
 1403       1.119762860857e-10 
 1404       1.121352089146e-10 
 1405       1.122889359262e-10 
 1406       1.124373533340e-10 
 1407       1.125803468009e-10 
 1408       1.127178014381e-10 
 1409       1.128496018043e-10 
 1410       1.129756319047e-10 
 1411       1.130957751903e-10 
 1412       1.132099145564e-10 
 1413       1.133179323426e-10 
 1414       1.134197103308e-10 
 1415       1.135151297453e-10 
 1416       1.136040712512e-10 
 1417       1.136864149536e-10 
 1418       1.137620403970e-10 
 1419       1.138308265640e-10 
 1420       1.138926518744e-10 
 1421       1.139473941848e-10 
 1422       1.139949307869e-10 
 1423       1.140351384071e-10 
 1424       1.140679144043e-10 
 1425       1.140932406038e-10 
 1426       1.141111201170e-10 
 1427       1.141215562025e-10 
 1428       1.141245522667e-10 
 1429       1.141201118636e-10 
 1430       1.141082386954e-10 
 1431       1.140889366130e-10 
 1432       1.140622096159e-10 
 1433       1.140280618531e-10 
 1434       1.139864976230e-10 
 1435       1.139375213738e-10 
 1436       1.138811377039e-10 
 1437       1.138173513624e-10 
 1438       1.137461672490e-10 
 1439       1.136675904147e-10 
 1440       1.135816260621e-10 
 1441       1.134882795456e-10 
 1442       1.133875563717e-10 
 1443       1.132794621996e-10 
 1444       1.131640028412e-10 
 1445       1.130411842616e-10 
 1446       1.129110125795e-10 
 1447       1.127734940674e-10 
 1448       1.126286351520e-10 
 1449       1.124764424145e-10 
 1450       1.123169225909e-10 
 1451       1.121500825724e-10 
 1452       1.119759294058e-10 
 1453       1.117944702937e-10 
 1454       1.116057125948e-10 
 1455       1.114096638243e-10 
 1456       1.112063316545e-10 
 1457       1.109957239145e-10 
 1458       1.107778485912e-10 
 1459       1.105527138291e-10 
 1460       1.103203279311e-10 
 1461       1.100806993585e-10 
 1462       1.098338367314e-10 
 1463       1.095797627257e-10 
 1464       1.093185559156e-10 
 1465       1.090503093498e-10 
 1466       1.087751166943e-10 
 1467       1.084930722336e-10 
 1468       1.082042708713e-10 
 1469       1.079088081318e-10 
 1470       1.076067801609e-10 
 1471       1.072982837274e-10 
 1472       1.069834162237e-10 
 1473       1.066622756673e-10 
 1474       1.063349607019e-10 
 1475       1.060015705982e-10 
 1476       1.056622052553e-10 
 1477       1.053169652017e-10 
 1478       1.049659515963e-10 
 1479       1.046092662300e-10 
 1480       1.042470115261e-10 
 1481       1.038792905418e-10 
 1482       1.035062069695e-10 
 1483       1.031278651373e-10 
 1484       1.027443700110e-10 
 1485       1.023558271942e-10 
 1486       1.019623429301e-10 
 1487       1.015640241027e-10 
 1488       1.011609782373e-10 
 1489       1.007533135019e-10 
 1490       1.003411387087e-10 
 1491       9.992456331455e-11 
 1492       9.950369742257e-11 
 1493       9.907865178301e-11 
 1494       9.864953779440e-11 
 1495       9.821646750471e-11 
 1496       9.777955361243e-11 
 1497       9.733890946770e-11 
 1498       9.689464907338e-11 
 1499       9.644688708621e-11 
 1500       9.599573881789e-11 
 1501       9.554132023620e-11 
 1502       9.508374833161e-11 
 1503       9.462314221882e-11 
 1504       9.415962204813e-11 
 1505       9.369330864209e-11 
 1506       9.322432349663e-11 
 1507       9.275278878213e-11 
 1508       9.227882734463e-11 
 1509       9.180256270691e-11 
 1510       9.132411906962e-11 
 1511       9.084362131246e-11 
 1512       9.036119499524e-11 
 1513       8.987696635907e-11 
 1514       8.939106232744e-11 
 1515       8.890361050739e-11 
 1516       8.841473919064e-11 
 1517       8.792457735468e-11 
 1518       8.743325466395e-11 
 1519       8.694090147094e-11 
 1520       8.644764881731e-11 
 1521       8.595362843508e-11 
 1522       8.545897274768e-11 
 1523       8.496381487114e-11 
 1524       8.446828861519e-11 
 1525       8.397252848441e-11 
 1526       8.347666967933e-11 
 1527       8.298084809762e-11 
 1528       8.248520033515e-11 
 1529       8.198986368715e-11 
 1530       8.149497614936e-11 
 1531       8.100067641915e-11 
 1532       8.050710389660e-11 
 1533       8.001439868573e-11 
 1534       7.952270159554e-11 
 1535       7.903215414118e-11 
 1536       7.854289854507e-11 
 1537       7.805507773806e-11 
 1538       7.756883536051e-11 
 1539       7.708431576345e-11 
 1540       7.660166400973e-11 
 1541       7.612101467601e-11 
 1542       7.564245814044e-11 
 1543       7.516607397724e-11 
 1544       7.469194212732e-11 
 1545       7.422014289887e-11 
 1546       7.375075696787e-11 
 1547       7.328386537869e-11 
 1548       7.281954954468e-11 
 1549       7.235789124867e-11 
 1550       7.189897264359e-11 
 1551       7.144287625301e-11 
 1552       7.098968497170e-11 
 1553       7.053948206623e-11 
 1554       7.009235117550e-11 
 1555       6.964837631129e-11 
 1556       6.920764185888e-11 
 1557       6.877023257757e-11 
 1558       6.833623360127e-11 
 1559       6.790573043904e-11 
 1560       6.747880897569e-11 
 1561       6.705555547229e-11 
 1562       6.663605656681e-11 
 1563       6.622039927461e-11 
 1564       6.580867098906e-11 
 1565       6.540095948207e-11 
 1566       6.499735290467e-11 
 1567       6.459793978759e-11 
 1568       6.420280904178e-11 
 1569       6.381204995903e-11 
 1570       6.342575221249e-11 
 1571       6.304400585726e-11 
 1572       6.266690133095e-11 
 1573       6.229452945424e-11 
 1574       6.192698143143e-11 
 1575       6.156434885106e-11 
 1576       6.120672368640e-11 
 1577       6.085419829607e-11 
 1578       6.050686542460e-11 
 1579       6.016481820294e-11 
 1580       5.982813511895e-11 
 1581       5.949683477519e-11 
 1582       5.917092071334e-11 
 1583       5.885039640616e-11 
 1584       5.853526525738e-11 
 1585       5.822553060149e-11 
 1586       5.792119570361e-11 
 1587       5.762226375933e-11 
 1588       5.732873789456e-11 
 1589       5.704062116537e-11 
 1590       5.675791655779e-11 
 1591       5.648062698775e-11 
 1592       5.620875530080e-11 
 1593       5.594230427207e-11 
 1594       5.568127660602e-11 
 1595       5.542567493636e-11 
 1596       5.517550182581e-11 
 1597       5.493075976602e-11 
 1598       5.469145117737e-11 
 1599       5.445757840883e-11 
 1600       5.422914373778e-11 
 1601       5.400614936990e-11 
 1602       5.378859743894e-11 
 1603       5.357649000663e-11 
 1604       5.336982906250e-11 
 1605       5.316861652371e-11 
 1606       5.297285423492e-11 
 1607       5.278254396808e-11 
 1608       5.259768742236e-11 
 1609       5.241828622389e-11 
 1610       5.224434192569e-11 
 1611       5.207585600746e-11 
 1612       5.191282987545e-11 
 1613       5.175526486230e-11 
 1614       5.160316222685e-11 
 1615       5.145652315403e-11 
 1616       5.131534875468e-11 
 1617       5.117964006539e-11 
 1618       5.104939804834e-11 
 1619       5.092461345146e-11 
 1620       5.080523628895e-11 
 1621       5.069120608466e-11 
 1622       5.058246198612e-11 
 1623       5.047894276396e-11 
 1624       5.038058681125e-11 
 1625       5.028733214289e-11 
 1626       5.019911639502e-11 
 1627       5.011587682436e-11 
 1628       5.003755030757e-11 
 1629       4.996407334072e-11 
 1630       4.989538203856e-11 
 1631       4.983141213397e-11 
 1632       4.977209897732e-11 
 1633       4.971737753583e-11 
 1634       4.966718239298e-11 
 1635       4.962144774787e-11 
 1636       4.958010741460e-11 
 1637       4.954309482165e-11 
 1638       4.951034301127e-11 
 1639       4.948178463885e-11 
 1640       4.945735197229e-11 
 1641       4.943697689138e-11 
 1642       4.942059088721e-11 
 1643       4.940812506151e-11 
 1644       4.939951012604e-11 
 1645       4.939467640199e-11 
 1646       4.939355381933e-11 
 1647       4.939607191620e-11 
 1648       4.940215983830e-11 
 1649       4.941174633824e-11 
 1650       4.942475977497e-11 
 1651       4.944112811309e-11 
 1652       4.946077892230e-11 
 1653       4.948363937672e-11 
 1654       4.950963625429e-11 
 1655       4.953869593618e-11 
 1656       4.957074440613e-11 
 1657       4.960570724982e-11 
 1658       4.964350882026e-11 
 1659       4.968406972702e-11 
 1660       4.972730932360e-11 
 1661       4.977314653875e-11 
 1662       4.982149987588e-11 
 1663       4.987228741232e-11 
 1664       4.992542679875e-11 
 1665       4.998083525847e-11 
 1666       5.003842958679e-11 
 1667       5.009812615035e-11 
 1668       5.015984088646e-11 
 1669       5.022348930246e-11 
 1670       5.028898647504e-11 
 1671       5.035624704962e-11 
 1672       5.042518523963e-11 
 1673       5.049571482592e-11 
 1674       5.056774915606e-11 
 1675       5.064120114370e-11 
 1676       5.071598326791e-11 
 1677       5.079200757251e-11 
 1678       5.086918566543e-11 
 1679       5.094742871803e-11 
 1680       5.102664746450e-11 
 1681       5.110675220111e-11 
 1682       5.118765278563e-11 
 1683       5.126925863663e-11 
 1684       5.135147873287e-11 
 1685       5.143422161257e-11 
 1686       5.151739537282e-11 
 1687       5.160090766888e-11 
 1688       5.168466571356e-11 
 1689       5.176857627650e-11 
 1690       5.185254568360e-11 
 1691       5.193647981628e-11 
 1692       5.202028411088e-11 
 1693       5.210386355797e-11 
 1694       5.218712270171e-11 
 1695       5.226996563918e-11 
 1696       5.235229601973e-11 
 1697       5.243402435846e-11 
 1698       5.251509004697e-11 
 1699       5.259543953107e-11 
 1700       5.267501901350e-11 
 1701       5.275377445363e-11 
 1702       5.283165156704e-11 
 1703       5.290859582521e-11 
 1704       5.298455245516e-11 
 1705       5.305946643908e-11 
 1706       5.313328251400e-11 
 1707       5.320594517143e-11 
 1708       5.327739865700e-11 
 1709       5.334758697011e-11 
 1710       5.341645386356e-11 
 1711       5.348394284326e-11 
 1712       5.354999716779e-11 
 1713       5.361455984811e-11 
 1714       5.367757364718e-11 
 1715       5.373898107963e-11 
 1716       5.379872441136e-11 
 1717       5.385674565924e-11 
 1718       5.391298659075e-11 
 1719       5.396738872357e-11 
 1720       5.401989332530e-11 
 1721       5.407044141309e-11 
 1722       5.411897375323e-11 
 1723       5.416543086087e-11 
 1724       5.420975299965e-11 
 1725       5.425188018130e-11 
 1726       5.429175216535e-11 
 1727       5.432930845875e-11 
 1728       5.436448831549e-11 
 1729       5.439723073631e-11 
 1730       5.442747446828e-11 
 1731       5.445515800449e-11 
 1732       5.448021958370e-11 
 1733       5.450259718994e-11 
 1734       5.452222855222e-11 
 1735       5.453905114414e-11 
 1736       5.455301218605e-11 
 1737       5.456409874448e-11 
 1738       5.457230788571e-11 
 1739       5.457763669634e-11 
 1740       5.458008228331e-11 
 1741       5.457964177398e-11 
 1742       5.457631231615e-11 
 1743       5.457009107809e-11 
 1744       5.456097524863e-11 
 1745       5.454896203716e-11 
 1746       5.453404867373e-11 
 1747       5.451623240903e-11 
 1748       5.449551051448e-11 
 1749       5.447188028225e-11 
 1750       5.444533902533e-11 
 1751       5.441588407755e-11 
 1752       5.438351279366e-11 
 1753       5.434822254933e-11 
 1754       5.431001074122e-11 
 1755       5.426887478704e-11 
 1756       5.422481212555e-11 
 1757       5.417782021666e-11 
 1758       5.412789654143e-11 
 1759       5.407503860215e-11 
 1760       5.401924392236e-11 
 1761       5.396051004689e-11 
 1762       5.389883454195e-11 
 1763       5.383421499512e-11 
 1764       5.376664901542e-11 
 1765       5.369613423338e-11 
 1766       5.362266830102e-11 
 1767       5.354624889197e-11 
 1768       5.346687370147e-11 
 1769       5.338454044642e-11 
 1770       5.329924686542e-11 
 1771       5.321099071885e-11 
 1772       5.311976978889e-11 
 1773       5.302558187954e-11 
 1774       5.292842481671e-11 
 1775       5.282830336157e-11 
 1776       5.272525001282e-11 
 1777       5.261930437602e-11 
 1778       5.251050626609e-11 
 1779       5.239889570769e-11 
 1780       5.228451293546e-11 
 1781       5.216739839436e-11 
 1782       5.204759273998e-11 
 1783       5.192513683886e-11 
 1784       5.180007176875e-11 
 1785       5.167243881898e-11 
 1786       5.154227949071e-11 
 1787       5.140963549730e-11 
 1788       5.127454876457e-11 
 1789       5.113706143111e-11 
 1790       5.099721584862e-11 
 1791       5.085505458221e-11 
 1792       5.071062041067e-11 
 1793       5.056395632684e-11 
 1794       5.041510553785e-11 
 1795       5.026411146550e-11 
 1796       5.011101774650e-11 
 1797       4.995586823284e-11 
 1798       4.979870699205e-11 
 1799       4.963957830753e-11 
 1800       4.947852667887e-11 
 1801       4.931559682213e-11 
 1802       4.915083367015e-11 
 1803       4.898428237291e-11 
 1804       4.881598829777e-11 
 1805       4.864599702981e-11 
 1806       4.847435437213e-11 
 1807       4.830110634620e-11 
 1808       4.812629919208e-11 
 1809       4.794997936883e-11 
 1810       4.777219355474e-11 
 1811       4.759298864766e-11 
 1812       4.741241176536e-11 
 1813       4.723051024574e-11 
 1814       4.704733230773e-11 
 1815       4.686292903885e-11 
 1816       4.667735242425e-11 
 1817       4.649065468801e-11 
 1818       4.630288829349e-11 
 1819       4.611410594363e-11 
 1820       4.592436058129e-11 
 1821       4.573370538959e-11 
 1822       4.554219379227e-11 
 1823       4.534987945394e-11 
 1824       4.515681628052e-11 
 1825       4.496305841948e-11 
 1826       4.476866026022e-11 
 1827       4.457367643441e-11 
 1828       4.437816181629e-11 
 1829       4.418217152302e-11 
 1830       4.398576091500e-11 
 1831       4.378898559624e-11 
 1832       4.359190141464e-11 
 1833       4.339456446236e-11 
 1834       4.319703107614e-11 
 1835       4.299935783762e-11 
 1836       4.280160157370e-11 
 1837       4.260381935684e-11 
 1838       4.240606850544e-11 
 1839       4.220840658412e-11 
 1840       4.201089140406e-11 
 1841       4.181358102339e-11 
 1842       4.161653374743e-11 
 1843       4.141980812911e-11 
 1844       4.122346296925e-11 
 1845       4.102755731690e-11 
 1846       4.083215046970e-11 
 1847       4.063730197416e-11 
 1848       4.044307162605e-11 
 1849       4.024951947070e-11 
 1850       4.005670580333e-11 
 1851       3.986469116941e-11 
 1852       3.967353636495e-11 
 1853       3.948329772491e-11 
 1854       3.929401294700e-11 
 1855       3.910571515652e-11 
 1856       3.891843760844e-11 
 1857       3.873221368744e-11 
 1858       3.854707690819e-11 
 1859       3.836306091544e-11 
 1860       3.818019948423e-11 
 1861       3.799852652003e-11 
 1862       3.781807605894e-11 
 1863       3.763888226782e-11 
 1864       3.746097944450e-11 
 1865       3.728440201789e-11 
 1866       3.710918454823e-11 
 1867       3.693536172718e-11 
 1868       3.676296837801e-11 
 1869       3.659203945581e-11 
 1870       3.642261004760e-11 
 1871       3.625471537253e-11 
 1872       3.608839078204e-11 
 1873       3.592367176002e-11 
 1874       3.576059392300e-11 
 1875       3.559919302029e-11 
 1876       3.543950493417e-11 
 1877       3.528156568004e-11 
 1878       3.512541140662e-11 
 1879       3.497107839607e-11 
 1880       3.481860306419e-11 
 1881       3.466802196059e-11 
 1882       3.451937176883e-11 
 1883       3.437268930663e-11 
 1884       3.422801152599e-11 
 1885       3.408537551339e-11 
 1886       3.394481848997e-11 
 1887       3.380637781165e-11 
 1888       3.367009096934e-11 
 1889       3.353599558909e-11 
 1890       3.340412943226e-11 
 1891       3.327453039568e-11 
 1892       3.314722993471e-11 
 1893       3.302223327625e-11 
 1894       3.289953905301e-11 
 1895       3.277914586667e-11 
 1896       3.266105228784e-11 
 1897       3.254525685599e-11 
 1898       3.243175807943e-11 
 1899       3.232055443524e-11 
 1900       3.221164436919e-11 
 1901       3.210502629576e-11 
 1902       3.200069859800e-11 
 1903       3.189865962753e-11 
 1904       3.179890770450e-11 
 1905       3.170144111748e-11 
 1906       3.160625812348e-11 
 1907       3.151335694781e-11 
 1908       3.142273578412e-11 
 1909       3.133439279430e-11 
 1910       3.124832610840e-11 
 1911       3.116453382463e-11 
 1912       3.108301400931e-11 
 1913       3.100376469674e-11 
 1914       3.092678388926e-11 
 1915       3.085206955709e-11 
 1916       3.077961963835e-11 
 1917       3.070943203899e-11 
 1918       3.064150463273e-11 
 1919       3.057583526098e-11 
 1920       3.051242173285e-11 
 1921       3.045126182506e-11 
 1922       3.039235328187e-11 
 1923       3.033569381506e-11 
 1924       3.028128110388e-11 
 1925       3.022911279497e-11 
 1926       3.017918650232e-11 
 1927       3.013149980723e-11 
 1928       3.008605025822e-11 
 1929       3.004283537103e-11 
 1930       3.000185262855e-11 
 1931       2.996309499875e-11 
 1932       2.992653745168e-11 
 1933       2.989215034022e-11 
 1934       2.985990387253e-11 
 1935       2.982976811194e-11 
 1936       2.980171297666e-11 
 1937       2.977570823967e-11 
 1938       2.975172352845e-11 
 1939       2.972972832483e-11 
 1940       2.970969196477e-11 
 1941       2.969158363817e-11 
 1942       2.967537238870e-11 
 1943       2.966102711354e-11 
 1944       2.964851656325e-11 
 1945       2.963780934153e-11 
 1946       2.962887390504e-11 
 1947       2.962167856321e-11 
 1948       2.961619147803e-11 
 1949       2.961238066384e-11 
 1950       2.961021398718e-11 
 1951       2.960965916655e-11 
 1952       2.961068377223e-11 
 1953       2.961325522608e-11 
 1954       2.961734080134e-11 
 1955       2.962290762244e-11 
 1956       2.962992266481e-11 
 1957       2.963835275467e-11 
 1958       2.964816456883e-11 
 1959       2.965932463451e-11 
 1960       2.967179932913e-11 
 1961       2.968555488011e-11 
 1962       2.970055736469e-11 
 1963       2.971677270973e-11 
 1964       2.973416669150e-11 
 1965       2.975270493549e-11 
 1966       2.977235291620e-11 
 1967       2.979307595700e-11 
 1968       2.981483922983e-11 
 1969       2.983760775513e-11 
 1970       2.986134611320e-11 
 1971       2.988601757679e-11 
 1972       2.991158497172e-11 
 1973       2.993801096444e-11 
 1974       2.996525806178e-11 
 1975       2.999328861078e-11 
 1976       3.002206479846e-11 
 1977       3.005154865165e-11 
 1978       3.008170203674e-11 
 1979       3.011248665951e-11 
 1980       3.014386406490e-11 
 1981       3.017579563682e-11 
 1982       3.020824259794e-11 
 1983       3.024116600949e-11 
 1984       3.027452677103e-11 
 1985       3.030828562027e-11 
 1986       3.034240313287e-11 
 1987       3.037683972220e-11 
 1988       3.041155563918e-11 
 1989       3.044651097202e-11 
 1990       3.048166564608e-11 
 1991       3.051697942358e-11 
 1992       3.055241190350e-11 
 1993       3.058792252128e-11 
 1994       3.062347054865e-11 
 1995       3.065901509345e-11 
 1996       3.069451509939e-11 
 1997       3.072992934584e-11 
 1998       3.076521644767e-11 
 1999       3.080033485499e-11 
 2000       3.083524285296e-11 
 2001       3.086989856163e-11 
 2002       3.090425993566e-11 
 2003       3.093828476417e-11 
 2004       3.097193067052e-11 
 2005       3.100515511208e-11 
 2006       3.103791538005e-11 
 2007       3.107016859928e-11 
 2008       3.110187172799e-11 
 2009       3.113298494084e-11 
 2010       3.116348180526e-11 
 2011       3.119333917886e-11 
 2012       3.122253383278e-11 
 2013       3.125104245163e-11 
 2014       3.127884163339e-11 
 2015       3.130590788926e-11 
 2016       3.133221764362e-11 
 2017       3.135774723385e-11 
 2018       3.138247291031e-11 
 2019       3.140637083615e-11 
 2020       3.142941708727e-11 
 2021       3.145158765218e-11 
 2022       3.147285843189e-11 
 2023       3.149320523985e-11 
 2024       3.151260380179e-11 
 2025       3.153102975564e-11 
 2026       3.154845865144e-11 
 2027       3.156486595121e-11 
 2028       3.158022702885e-11 
 2029       3.159451717004e-11 
 2030       3.160771157214e-11 
 2031       3.161978534407e-11 
 2032       3.163071350622e-11 
 2033       3.164047099034e-11 
 2034       3.164903263942e-11 
 2035       3.165637320763e-11 
 2036       3.166246736014e-11 
 2037       3.166728967309e-11 
 2038       3.167081463345e-11 
 2039       3.167301663890e-11 
 2040       3.167386999775e-11 
 2041       3.167334892885e-11 
 2042       3.167142756144e-11 
 2043       3.166807993506e-11 
 2044       3.166327999949e-11 
 2045       3.165700161456e-11 
 2046       3.164921855014e-11 
 2047       3.163990448594e-11 
 2048       3.162903755199e-11 
 2049       3.161661398540e-11 
 2050       3.160263457098e-11 
 2051       3.158710010959e-11 
 2052       3.157001141819e-11 
 2053       3.155136932985e-11 
 2054       3.153117469378e-11 
 2055       3.150942837537e-11 
 2056       3.148613125618e-11 
 2057       3.146128423401e-11 
 2058       3.143488822288e-11 
 2059       3.140694415307e-11 
 2060       3.137745297119e-11 
 2061       3.134641564011e-11 
 2062       3.131383313908e-11 
 2063       3.127970646370e-11 
 2064       3.124403662595e-11 
 2065       3.120682465424e-11 
 2066       3.116807159341e-11 
 2067       3.112777850476e-11 
 2068       3.108594646609e-11 
 2069       3.104257657170e-11 
 2070       3.099766993243e-11 
 2071       3.095122767569e-11 
 2072       3.090325094548e-11 
 2073       3.085374090239e-11 
 2074       3.080269872366e-11 
 2075       3.075012560321e-11 
 2076       3.069602275161e-11 
 2077       3.064039139616e-11 
 2078       3.058323278091e-11 
 2079       3.052454816665e-11 
 2080       3.046433883096e-11 
 2081       3.040260606822e-11 
 2082       3.033935118967e-11 
 2083       3.027457552339e-11 
 2084       3.020828041436e-11 
 2085       3.014046722444e-11 
 2086       3.007113733246e-11 
 2087       3.000029531634e-11 
 2088       2.992795852407e-11 
 2089       2.985414756993e-11 
 2090       2.977888315853e-11 
 2091       2.970218608495e-11 
 2092       2.962407723485e-11 
 2093       2.954457758453e-11 
 2094       2.946370820114e-11 
 2095       2.938149024269e-11 
 2096       2.929794495824e-11 
 2097       2.921309368795e-11 
 2098       2.912695786325e-11 
 2099       2.903955900691e-11 
 2100       2.895091873318e-11 
 2101       2.886105874788e-11 
 2102       2.877000084853e-11 
 2103       2.867776692445e-11 
 2104       2.858437895687e-11 
 2105       2.848985901907e-11 
 2106       2.839422927647e-11 
 2107       2.829751198671e-11 
 2108       2.819972949985e-11 
 2109       2.810090425840e-11 
 2110       2.800105879745e-11 
 2111       2.790021574483e-11 
 2112       2.779839782115e-11 
 2113       2.769562783998e-11 
 2114       2.759192870790e-11 
 2115       2.748732342469e-11 
 2116       2.738183508334e-11 
 2117       2.727548687026e-11 
 2118       2.716830206534e-11 
 2119       2.706030404207e-11 
 2120       2.695151626765e-11 
 2121       2.684196230314e-11 
 2122       2.673166580349e-11 
 2123       2.662065051775e-11 
 2124       2.650894028910e-11 
 2125       2.639655905504e-11 
 2126       2.628353116821e-11 
 2127       2.616988236145e-11 
 2128       2.605563878962e-11 
 2129       2.594082670959e-11 
 2130       2.582547248031e-11 
 2131       2.570960256298e-11 
 2132       2.559324352114e-11 
 2133       2.547642202077e-11 
 2134       2.535916483047e-11 
 2135       2.524149882153e-11 
 2136       2.512345096808e-11 
 2137       2.500504834719e-11 
 2138       2.488631813900e-11 
 2139       2.476728762685e-11 
 2140       2.464798419740e-11 
 2141       2.452843534072e-11 
 2142       2.440866865045e-11 
 2143       2.428871182391e-11 
 2144       2.416859266220e-11 
 2145       2.404833907035e-11 
 2146       2.392797905744e-11 
 2147       2.380754073667e-11 
 2148       2.368705232555e-11 
 2149       2.356654214600e-11 
 2150       2.344603862444e-11 
 2151       2.332557029193e-11 
 2152       2.320516578431e-11 
 2153       2.308485384230e-11 
 2154       2.296466331163e-11 
 2155       2.284462314314e-11 
 2156       2.272476239293e-11 
 2157       2.260511022246e-11 
 2158       2.248569589870e-11 
 2159       2.236654879421e-11 
 2160       2.224769838728e-11 
 2161       2.212917426206e-11 
 2162       2.201100610868e-11 
 2163       2.189322372334e-11 
 2164       2.177585700848e-11 
 2165       2.165893379665e-11 
 2166       2.154247330593e-11 
 2167       2.142649264052e-11 
 2168       2.131100896297e-11 
 2169       2.119603949428e-11 
 2170       2.108160151397e-11 
 2171       2.096771236009e-11 
 2172       2.085438942936e-11 
 2173       2.074165017717e-11 
 2174       2.062951211769e-11 
 2175       2.051799282391e-11 
 2176       2.040710992772e-11 
 2177       2.029688111996e-11 
 2178       2.018732415051e-11 
 2179       2.007845682831e-11 
 2180       1.997029702149e-11 
 2181       1.986286265738e-11 
 2182       1.975617172259e-11 
 2183       1.965024226309e-11 
 2184       1.954509238427e-11 
 2185       1.944074025100e-11 
 2186       1.933720408767e-11 
 2187       1.923450217832e-11 
 2188       1.913265286665e-11 
 2189       1.903167455608e-11 
 2190       1.893158570987e-11 
 2191       1.883240485114e-11 
 2192       1.873415056294e-11 
 2193       1.863684148833e-11 
 2194       1.854049633043e-11 
 2195       1.844513385251e-11 
 2196       1.835077287802e-11 
 2197       1.825743229069e-11 
 2198       1.816513103456e-11 
 2199       1.807388811407e-11 
 2200       1.798372259413e-11 
 2201       1.789465360016e-11 
 2202       1.780670031819e-11 
 2203       1.771988199487e-11 
 2204       1.763421485401e-11 
 2205       1.754970282340e-11 
 2206       1.746634674652e-11 
 2207       1.738414746048e-11 
 2208       1.730310579603e-11 
 2209       1.722322257757e-11 
 2210       1.714449862309e-11 
 2211       1.706693474423e-11 
 2212       1.699053174619e-11 
 2213       1.691529042778e-11 
 2214       1.684121158138e-11 
 2215       1.676829599293e-11 
 2216       1.669654444193e-11 
 2217       1.662595770143e-11 
 2218       1.655653653799e-11 
 2219       1.648828171173e-11 
 2220       1.642119397623e-11 
 2221       1.635527407862e-11 
 2222       1.629052275949e-11 
 2223       1.622694075291e-11 
 2224       1.616452878643e-11 
 2225       1.610328758105e-11 
 2226       1.604321785120e-11 
 2227       1.598432030478e-11 
 2228       1.592659564307e-11 
 2229       1.587004456079e-11 
 2230       1.581466774607e-11 
 2231       1.576046588040e-11 
 2232       1.570743963868e-11 
 2233       1.565558968915e-11 
 2234       1.560491669344e-11 
 2235       1.555542130651e-11 
 2236       1.550710417664e-11 
 2237       1.545996594547e-11 
 2238       1.541400724793e-11 
 2239       1.536922871226e-11 
 2240       1.532563096000e-11 
 2241       1.528321460596e-11 
 2242       1.524198025822e-11 
 2243       1.520192631274e-11 
 2244       1.516304232142e-11 
 2245       1.512531558075e-11 
 2246       1.508873333314e-11 
 2247       1.505328276692e-11 
 2248       1.501895101623e-11 
 2249       1.498572516102e-11 
 2250       1.495359222689e-11 
 2251       1.492253918513e-11 
 2252       1.489255295256e-11 
 2253       1.486362039156e-11 
 2254       1.483572830992e-11 
 2255       1.480886346085e-11 
 2256       1.478301254287e-11 
 2257       1.475816219975e-11 
 2258       1.473429902046e-11 
 2259       1.471140953913e-11 
 2260       1.468948023492e-11 
 2261       1.466849753201e-11 
 2262       1.464844779955e-11 
 2263       1.462931735152e-11 
 2264       1.461109244674e-11 
 2265       1.459375928881e-11 
 2266       1.457730402596e-11 
 2267       1.456171275109e-11 
 2268       1.454697150165e-11 
 2269       1.453306625958e-11 
 2270       1.451998295126e-11 
 2271       1.450770744744e-11 
 2272       1.449622556318e-11 
 2273       1.448552305778e-11 
 2274       1.447558563472e-11 
 2275       1.446639894161e-11 
 2276       1.445794857009e-11 
 2277       1.445022005582e-11 
 2278       1.444319887835e-11 
 2279       1.443687046113e-11 
 2280       1.443122017138e-11 
 2281       1.442623332008e-11 
 2282       1.442189479658e-11 
 2283       1.441818797017e-11 
 2284       1.441509578138e-11 
 2285       1.441260110648e-11 
 2286       1.441068675750e-11 
 2287       1.440933548209e-11 
 2288       1.440852996347e-11 
 2289       1.440825282037e-11 
 2290       1.440848660695e-11 
 2291       1.440921381271e-11 
 2292       1.441041686244e-11 
 2293       1.441207811615e-11 
 2294       1.441417986898e-11 
 2295       1.441670435115e-11 
 2296       1.441963372786e-11 
 2297       1.442295009923e-11 
 2298       1.442663550027e-11 
 2299       1.443067190072e-11 
 2300       1.443504120507e-11 
 2301       1.443972525241e-11 
 2302       1.444470581643e-11 
 2303       1.444996460529e-11 
 2304       1.445548326158e-11 
 2305       1.446124336222e-11 
 2306       1.446722641844e-11 
 2307       1.447341387566e-11 
 2308       1.447978711341e-11 
 2309       1.448632744532e-11 
 2310       1.449301611899e-11 
 2311       1.449983431592e-11 
 2312       1.450676315150e-11 
 2313       1.451378367485e-11 
 2314       1.452087686881e-11 
 2315       1.452802364985e-11 
 2316       1.453520486801e-11 
 2317       1.454240130678e-11 
 2318       1.454959368310e-11 
 2319       1.455676264724e-11 
 2320       1.456388878274e-11 
 2321       1.457095393928e-11 
 2322       1.457794524066e-11 
 2323       1.458485110197e-11 
 2324       1.459165989888e-11 
 2325       1.459835996761e-11 
 2326       1.460493960491e-11 
 2327       1.461138706795e-11 
 2328       1.461769057436e-11 
 2329       1.462383830213e-11 
 2330       1.462981838960e-11 
 2331       1.463561893538e-11 
 2332       1.464122799837e-11 
 2333       1.464663359765e-11 
 2334       1.465182371247e-11 
 2335       1.465678628223e-11 
 2336       1.466150920640e-11 
 2337       1.466598034447e-11 
 2338       1.467018751597e-11 
 2339       1.467411850035e-11 
 2340       1.467776103701e-11 
 2341       1.468110282518e-11 
 2342       1.468413152397e-11 
 2343       1.468683475223e-11 
 2344       1.468920008860e-11 
 2345       1.469121507139e-11 
 2346       1.469286719858e-11 
 2347       1.469414392778e-11 
 2348       1.469503267617e-11 
 2349       1.469552082046e-11 
 2350       1.469559569687e-11 
 2351       1.469524460105e-11 
 2352       1.469445478806e-11 
 2353       1.469321347235e-11 
 2354       1.469150782766e-11 
 2355       1.468932498703e-11 
 2356       1.468665204274e-11 
 2357       1.468347604627e-11 
 2358       1.467978400823e-11 
 2359       1.467556289839e-11 
 2360       1.467080164232e-11 
 2361       1.466549712538e-11 
 2362       1.465964822593e-11 
 2363       1.465325382193e-11 
 2364       1.464631279099e-11 
 2365       1.463882401031e-11 
 2366       1.463078635673e-11 
 2367       1.462219870670e-11 
 2368       1.461305993630e-11 
 2369       1.460336892120e-11 
 2370       1.459312453674e-11 
 2371       1.458232565784e-11 
 2372       1.457097115907e-11 
 2373       1.455905991461e-11 
 2374       1.454659079828e-11 
 2375       1.453356268351e-11 
 2376       1.451997444337e-11 
 2377       1.450582495054e-11 
 2378       1.449111307734e-11 
 2379       1.447583769573e-11 
 2380       1.445999767728e-11 
 2381       1.444359189320e-11 
 2382       1.442661921433e-11 
 2383       1.440907851114e-11 
 2384       1.439096865374e-11 
 2385       1.437228851186e-11 
 2386       1.435303695488e-11 
 2387       1.433321285181e-11 
 2388       1.431281507129e-11 
 2389       1.429184248160e-11 
 2390       1.427029395066e-11 
 2391       1.424816834603e-11 
 2392       1.422546453490e-11 
 2393       1.420218138411e-11 
 2394       1.417831776014e-11 
 2395       1.415387252910e-11 
 2396       1.412884455676e-11 
 2397       1.410323270852e-11 
 2398       1.407703584942e-11 
 2399       1.405025428027e-11 
 2400       1.402289405551e-11 
 2401       1.399496269171e-11 
 2402       1.396646773384e-11 
 2403       1.393741675533e-11 
 2404       1.390781735812e-11 
 2405       1.387767717262e-11 
 2406       1.384700385782e-11 
 2407       1.381580510127e-11 
 2408       1.378408861915e-11 
 2409       1.375186215623e-11 
 2410       1.371913348601e-11 
 2411       1.368591041064e-11 
 2412       1.365220076102e-11 
 2413       1.361801239682e-11 
 2414       1.358335320648e-11 
 2415       1.354823110728e-11 
 2416       1.351265404533e-11 
 2417       1.347662999566e-11 
 2418       1.344016696218e-11 
 2419       1.340327297776e-11 
 2420       1.336595610424e-11 
 2421       1.332822443249e-11 
 2422       1.329008608237e-11 
 2423       1.325154920285e-11 
 2424       1.321262197199e-11 
 2425       1.317331259695e-11 
 2426       1.313362931410e-11 
 2427       1.309358038895e-11 
 2428       1.305317411627e-11 
 2429       1.301241882006e-11 
 2430       1.297132285361e-11 
 2431       1.292989459952e-11 
 2432       1.288814246974e-11 
 2433       1.284607490559e-11 
 2434       1.280370037781e-11 
 2435       1.276102738654e-11 
 2436       1.271806446143e-11 
 2437       1.267482016160e-11 
 2438       1.263130338585e-11 
 2439       1.258752430518e-11 
 2440       1.254349343590e-11 
 2441       1.249922133008e-11 
 2442       1.245471857555e-11 
 2443       1.240999579595e-11 
 2444       1.236506365077e-11 
 2445       1.231993283538e-11 
 2446       1.227461408107e-11 
 2447       1.222911815509e-11 
 2448       1.218345586069e-11 
 2449       1.213763803714e-11 
 2450       1.209167555979e-11 
 2451       1.204557934008e-11 
 2452       1.199936032560e-11 
 2453       1.195302950012e-11 
 2454       1.190659788364e-11 
 2455       1.186007653238e-11 
 2456       1.181347653888e-11 
 2457       1.176680903199e-11 
 2458       1.172008517694e-11 
 2459       1.167331617534e-11 
 2460       1.162651326525e-11 
 2461       1.157968772122e-11 
 2462       1.153285085427e-11 
 2463       1.148601401202e-11 
 2464       1.143918857863e-11 
 2465       1.139238597492e-11 
 2466       1.134561765833e-11 
 2467       1.129889512305e-11 
 2468       1.125222989995e-11 
 2469       1.120563355670e-11 
 2470       1.115911769777e-11 
 2471       1.111269396448e-11 
 2472       1.106637403503e-11 
 2473       1.102016962453e-11 
 2474       1.097409248505e-11 
 2475       1.092815440566e-11 
 2476       1.088236721245e-11 
 2477       1.083674193555e-11 
 2478       1.079128630470e-11 
 2479       1.074600723893e-11 
 2480       1.070091167831e-11 
 2481       1.065600658392e-11 
 2482       1.061129893790e-11 
 2483       1.056679574347e-11 
 2484       1.052250402493e-11 
 2485       1.047843082770e-11 
 2486       1.043458321835e-11 
 2487       1.039096828459e-11 
 2488       1.034759313531e-11 
 2489       1.030446490061e-11 
 2490       1.026159073179e-11 
 2491       1.021897780140e-11 
 2492       1.017663330326e-11 
 2493       1.013456445245e-11 
 2494       1.009277848536e-11 
 2495       1.005128265970e-11 
 2496       1.001008425454e-11 
 2497       9.969190570289e-12 
 2498       9.928608928748e-12 
 2499       9.888346673128e-12 
 2500       9.848411168062e-12 
 2501       9.808809799628e-12 
 2502       9.769549975373e-12 
 2503       9.730639124329e-12 
 2504       9.692084697040e-12 
 2505       9.653894165574e-12 
 2506       9.616075023552e-12 
 2507       9.578634786164e-12 
 2508       9.541580990191e-12 
 2509       9.504921194025e-12 
 2510       9.468662977692e-12 
 2511       9.432813942867e-12 
 2512       9.397381712904e-12 
 2513       9.362373932847e-12 
 2514       9.327798269456e-12 
 2515       9.293662411229e-12 
 2516       9.259972839638e-12 
 2517       9.226731135009e-12 
 2518       9.193937649187e-12 
 2519       9.161592732360e-12 
 2520       9.129696733058e-12 
 2521       9.098249998147e-12 
 2522       9.067252872830e-12 
 2523       9.036705700641e-12 
 2524       9.006608823448e-12 
 2525       8.976962581442e-12 
 2526       8.947767313142e-12 
 2527       8.919023355389e-12 
 2528       8.890731043343e-12 
 2529       8.862890710481e-12 
 2530       8.835502688597e-12 
 2531       8.808567307794e-12 
 2532       8.782084896486e-12 
 2533       8.756055781394e-12 
 2534       8.730480287542e-12 
 2535       8.705358738256e-12 
 2536       8.680691455163e-12 
 2537       8.656478758183e-12 
 2538       8.632720965533e-12 
 2539       8.609418393718e-12 
 2540       8.586571357534e-12 
 2541       8.564180170063e-12 
 2542       8.542245142669e-12 
 2543       8.520766584998e-12 
 2544       8.499744804973e-12 
 2545       8.479180108793e-12 
 2546       8.459072800930e-12 
 2547       8.439423184128e-12 
 2548       8.420231559396e-12 
 2549       8.401498226009e-12 
 2550       8.383223481506e-12 
 2551       8.365407621685e-12 
 2552       8.348050940600e-12 
 2553       8.331153730563e-12 
 2554       8.314716282135e-12 
 2555       8.298737865785e-12 
 2556       8.283213670483e-12 
 2557       8.268137847557e-12 
 2558       8.253504527418e-12 
 2559       8.239307819538e-12 
 2560       8.225541812433e-12 
 2561       8.212200573640e-12 
 2562       8.199278149693e-12 
 2563       8.186768566105e-12 
 2564       8.174665827344e-12 
 2565       8.162963916814e-12 
 2566       8.151656796832e-12 
 2567       8.140738408610e-12 
 2568       8.130202672227e-12 
 2569       8.120043486615e-12 
 2570       8.110254729533e-12 
 2571       8.100830257547e-12 
 2572       8.091763906010e-12 
 2573       8.083049489039e-12 
 2574       8.074680799494e-12 
 2575       8.066651608956e-12 
 2576       8.058955667708e-12 
 2577       8.051586704713e-12 
 2578       8.044538427589e-12 
 2579       8.037804522594e-12 
 2580       8.031378654598e-12 
 2581       8.025254467068e-12 
 2582       8.019425582041e-12 
 2583       8.013885600109e-12 
 2584       8.008628100389e-12 
 2585       8.003646640512e-12 
 2586       7.998934756593e-12 
 2587       7.994485963213e-12 
 2588       7.990293753401e-12 
 2589       7.986351598606e-12 
 2590       7.982652948680e-12 
 2591       7.979191231858e-12 
 2592       7.975959854732e-12 
 2593       7.972952202232e-12 
 2594       7.970165889811e-12 
 2595       7.967615546250e-12 
 2596       7.965320102969e-12 
 2597       7.963298548434e-12 
 2598       7.961569928203e-12 
 2599       7.960153344990e-12 
 2600       7.959067958714e-12 
