# dimensionless total [l(l+1)/2pi] C_l's
# for l=2 to 2600, i.e. number of multipoles equal to 2599
#
# -> if you prefer output in CAMB/HealPix/LensPix units/order, set 'format' to 'camb' in input file
# -> if you don't want to see such a header, set 'headers' to 'no' in input file
#
# 1:l     2:TT                 
    2       1.519855816167e+05 
    3       3.226305187927e+02 
    4       1.993738888860e+01 
    5       1.631714176115e+00 
    6       2.888511973270e-01 
    7       1.093649479976e-01 
    8       5.023336528575e-02 
    9       2.696853710807e-02 
   10       1.685108486438e-02 
   11       1.231562892059e-02 
   12       1.035394610548e-02 
   13       9.607945944044e-03 
   14       9.447567474471e-03 
   15       9.622688232946e-03 
   16       1.000363650967e-02 
   17       1.056586686466e-02 
   18      -3.119770902654e-03 
   19       1.208172710286e-02 
   20       1.774484681045e-02 
   21       1.404315698041e-02 
   22       1.363511546531e-02 
   23       1.638146559177e-02 
   24       1.818549217138e-02 
   25       1.904292887920e-02 
   26       2.019442863100e-02 
   27       2.178760134477e-02 
   28       2.358662852425e-02 
   29       2.534200950551e-02 
   30       2.704437158507e-02 
   31       2.877085868587e-02 
   32       3.060079404371e-02 
   33       3.253972825278e-02 
   34       3.456768059654e-02 
   35       3.666352866491e-02 
   36       3.882271443941e-02 
   37       4.104538567312e-02 
   38       4.333170903107e-02 
   39       4.568179390145e-02 
   40       4.809542686314e-02 
   41       5.057225060704e-02 
   42       5.311183106409e-02 
   43       5.571301094427e-02 
   44       5.837173852574e-02 
   45       6.108255543586e-02 
   46       6.383913723913e-02 
   47       6.663424899421e-02 
   48       6.946266637862e-02 
   49       7.233101647205e-02 
   50       7.525063461121e-02 
   51       7.823494524886e-02 
   52       8.129956881523e-02 
   53       8.445886671328e-02 
   54       8.771428730126e-02 
   55       9.106320940706e-02 
   56       9.450220035839e-02 
   57       9.802697349971e-02 
   58       1.016323457092e-01 
   59       1.053129069008e-01 
   60       1.090653065767e-01 
   61       1.128864241413e-01 
   62       1.167726856319e-01 
   63       1.207200453701e-01 
   64       1.247239676144e-01 
   65       1.287802890981e-01 
   66       1.328880601730e-01 
   67       1.370472743499e-01 
   68       1.412580466813e-01 
   69       1.455206200533e-01 
   70       1.498353714779e-01 
   71       1.542028183850e-01 
   72       1.586232423514e-01 
   73       1.630954626874e-01 
   74       1.676178377152e-01 
   75       1.721886240730e-01 
   76       1.768059742735e-01 
   77       1.814679342614e-01 
   78       1.861724409712e-01 
   79       1.909173198854e-01 
   80       1.957004369014e-01 
   81       2.005201896790e-01 
   82       2.053750975650e-01 
   83       2.102636552713e-01 
   84       2.151843332909e-01 
   85       2.201355783131e-01 
   86       2.251158136389e-01 
   87       2.301234395965e-01 
   88       2.351568339567e-01 
   89       2.402142998778e-01 
   90       2.452938994758e-01 
   91       2.503935947906e-01 
   92       2.555112975673e-01 
   93       2.606448688855e-01 
   94       2.657921187883e-01 
   95       2.709508059124e-01 
   96       2.761186371168e-01 
   97       2.812932671124e-01 
   98       2.864722980916e-01 
   99       2.916533203424e-01 
  100       2.968340414592e-01 
  101       3.020121748298e-01 
  102       3.071854004086e-01 
  103       3.123513648417e-01 
  104       3.175076815936e-01 
  105       3.226519310734e-01 
  106       3.277816607605e-01 
  107       3.328943853314e-01 
  108       3.379875867852e-01 
  109       3.430587145702e-01 
  110       3.481053194410e-01 
  111       3.531254742287e-01 
  112       3.581174074070e-01 
  113       3.630793755984e-01 
  114       3.680096650151e-01 
  115       3.729065928991e-01 
  116       3.777685089629e-01 
  117       3.825937968301e-01 
  118       3.873808754753e-01 
  119       3.921282006651e-01 
  120       3.968342663986e-01 
  121       4.014976063473e-01 
  122       4.061167952962e-01 
  123       4.106906212586e-01 
  124       4.152186211424e-01 
  125       4.197006096233e-01 
  126       4.241365167370e-01 
  127       4.285263906622e-01 
  128       4.328704005040e-01 
  129       4.371688390775e-01 
  130       4.414221256906e-01 
  131       4.456308089275e-01 
  132       4.497955694323e-01 
  133       4.539172226918e-01 
  134       4.579967218192e-01 
  135       4.620351603373e-01 
  136       4.660337749615e-01 
  137       4.699937239385e-01 
  138       4.739153902812e-01 
  139       4.777990113747e-01 
  140       4.816448982979e-01 
  141       4.854534371822e-01 
  142       4.892250905706e-01 
  143       4.929603987761e-01 
  144       4.966599812402e-01 
  145       5.003245378922e-01 
  146       5.039548505074e-01 
  147       5.075517840660e-01 
  148       5.111162881119e-01 
  149       5.146493981111e-01 
  150       5.181522368108e-01 
  151       5.216260155978e-01 
  152       5.250720358572e-01 
  153       5.284914147315e-01 
  154       5.318842308571e-01 
  155       5.352503014560e-01 
  156       5.385894507556e-01 
  157       5.419015099436e-01 
  158       5.451863171233e-01 
  159       5.484437172689e-01 
  160       5.516735621801e-01 
  161       5.548757104376e-01 
  162       5.580500273581e-01 
  163       5.611963849491e-01 
  164       5.643146618644e-01 
  165       5.674047433591e-01 
  166       5.704665212445e-01 
  167       5.734998938431e-01 
  168       5.765047659444e-01 
  169       5.794810487589e-01 
  170       5.824286598742e-01 
  171       5.853474958571e-01 
  172       5.882373475930e-01 
  173       5.910979777685e-01 
  174       5.939291474334e-01 
  175       5.967306158437e-01 
  176       5.995021403055e-01 
  177       6.022434760183e-01 
  178       6.049543759186e-01 
  179       6.076345905233e-01 
  180       6.102838677730e-01 
  181       6.129019528762e-01 
  182       6.154885881520e-01 
  183       6.180435128738e-01 
  184       6.205664631132e-01 
  185       6.230571715830e-01 
  186       6.255153674809e-01 
  187       6.279407763332e-01 
  188       6.303331198378e-01 
  189       6.326921157082e-01 
  190       6.350174775165e-01 
  191       6.373090141205e-01 
  192       6.395669365983e-01 
  193       6.417915740873e-01 
  194       6.439832764404e-01 
  195       6.461424143950e-01 
  196       6.482693797422e-01 
  197       6.503645854965e-01 
  198       6.524284660649e-01 
  199       6.544614774165e-01 
  200       6.564640972514e-01 
  201       6.584368251706e-01 
  202       6.603801828450e-01 
  203       6.622947141849e-01 
  204       6.641809855095e-01 
  205       6.660395857156e-01 
  206       6.678711264479e-01 
  207       6.696762422677e-01 
  208       6.714555908224e-01 
  209       6.732098530149e-01 
  210       6.749397331732e-01 
  211       6.766459592190e-01 
  212       6.783292828381e-01 
  213       6.799904540259e-01 
  214       6.816301424636e-01 
  215       6.832490111578e-01 
  216       6.848477416873e-01 
  217       6.864270343053e-01 
  218       6.879876080409e-01 
  219       6.895302008016e-01 
  220       6.910555694747e-01 
  221       6.925644900292e-01 
  222       6.940577576181e-01 
  223       6.955361866799e-01 
  224       6.970006110408e-01 
  225       6.984518840161e-01 
  226       6.998908785130e-01 
  227       7.013184871315e-01 
  228       7.027356222669e-01 
  229       7.041432162115e-01 
  230       7.055422212568e-01 
  231       7.069336097948e-01 
  232       7.083183744204e-01 
  233       7.096975280332e-01 
  234       7.110721039393e-01 
  235       7.124431559533e-01 
  236       7.138117585001e-01 
  237       7.151790067167e-01 
  238       7.165459624241e-01 
  239       7.179134881984e-01 
  240       7.192824034445e-01 
  241       7.206535376103e-01 
  242       7.220277301743e-01 
  243       7.234058306332e-01 
  244       7.247886984899e-01 
  245       7.261772032409e-01 
  246       7.275722243641e-01 
  247       7.289746513068e-01 
  248       7.303853834727e-01 
  249       7.318053302105e-01 
  250       7.332354108009e-01 
  251       7.346765544446e-01 
  252       7.361297002499e-01 
  253       7.375957972206e-01 
  254       7.390758042434e-01 
  255       7.405706900759e-01 
  256       7.420814333343e-01 
  257       7.436090224806e-01 
  258       7.451544558110e-01 
  259       7.467187414432e-01 
  260       7.483028973043e-01 
  261       7.499079511181e-01 
  262       7.515349403935e-01 
  263       7.531849124114e-01 
  264       7.548589242132e-01 
  265       7.565580425878e-01 
  266       7.582832856216e-01 
  267       7.600354438555e-01 
  268       7.618152493924e-01 
  269       7.636234333502e-01 
  270       7.654607257509e-01 
  271       7.673278554096e-01 
  272       7.692255498235e-01 
  273       7.711545350606e-01 
  274       7.731155356492e-01 
  275       7.751092744661e-01 
  276       7.771364726265e-01 
  277       7.791978493720e-01 
  278       7.812941219604e-01 
  279       7.834260055542e-01 
  280       7.855942131094e-01 
  281       7.877994552651e-01 
  282       7.900424402319e-01 
  283       7.923238736812e-01 
  284       7.946444586339e-01 
  285       7.970048953495e-01 
  286       7.994058812151e-01 
  287       8.018481106345e-01 
  288       8.043322749166e-01 
  289       8.068590621651e-01 
  290       8.094291571671e-01 
  291       8.120432412818e-01 
  292       8.147019923302e-01 
  293       8.174060844833e-01 
  294       8.201561881514e-01 
  295       8.229529698733e-01 
  296       8.257970922049e-01 
  297       8.286891643053e-01 
  298       8.316295912620e-01 
  299       8.346187172097e-01 
  300       8.376568737942e-01 
  301       8.407443799951e-01 
  302       8.438815419474e-01 
  303       8.470686527639e-01 
  304       8.503059923574e-01 
  305       8.535938272625e-01 
  306       8.569324104579e-01 
  307       8.603219811886e-01 
  308       8.637627647879e-01 
  309       8.672549724997e-01 
  310       8.707988013002e-01 
  311       8.743944337204e-01 
  312       8.780420376683e-01 
  313       8.817417662506e-01 
  314       8.854937575951e-01 
  315       8.892981346728e-01 
  316       8.931550051200e-01 
  317       8.970644610605e-01 
  318       9.010265789274e-01 
  319       9.050414192857e-01 
  320       9.091090266540e-01 
  321       9.132294293269e-01 
  322       9.174026391968e-01 
  323       9.216286515765e-01 
  324       9.259074450209e-01 
  325       9.302389811493e-01 
  326       9.346232044674e-01 
  327       9.390600421897e-01 
  328       9.435494040612e-01 
  329       9.480911821798e-01 
  330       9.526852508185e-01 
  331       9.573314662473e-01 
  332       9.620296555023e-01 
  333       9.667795825158e-01 
  334       9.715809801603e-01 
  335       9.764335609789e-01 
  336       9.813370169958e-01 
  337       9.862910195258e-01 
  338       9.912952189852e-01 
  339       9.963492447011e-01 
  340       1.001452704722e+00 
  341       1.006605185629e+00 
  342       1.011806252342e+00 
  343       1.017055447936e+00 
  344       1.022352293446e+00 
  345       1.027696287678e+00 
  346       1.033086907023e+00 
  347       1.038523605260e+00 
  348       1.044005813375e+00 
  349       1.049532939364e+00 
  350       1.055104368044e+00 
  351       1.060719460868e+00 
  352       1.066377555729e+00 
  353       1.072077966775e+00 
  354       1.077819984216e+00 
  355       1.083602874136e+00 
  356       1.089425878300e+00 
  357       1.095288213970e+00 
  358       1.101189073708e+00 
  359       1.107127625192e+00 
  360       1.113103011022e+00 
  361       1.119114348535e+00 
  362       1.125160729608e+00 
  363       1.131241220475e+00 
  364       1.137354861533e+00 
  365       1.143500667154e+00 
  366       1.149677625494e+00 
  367       1.155884698304e+00 
  368       1.162120820740e+00 
  369       1.168384901172e+00 
  370       1.174675820996e+00 
  371       1.180992488800e+00 
  372       1.187334005594e+00 
  373       1.193699505670e+00 
  374       1.200088102682e+00 
  375       1.206498889509e+00 
  376       1.212930938107e+00 
  377       1.219383299369e+00 
  378       1.225855002983e+00 
  379       1.232345057288e+00 
  380       1.238852449131e+00 
  381       1.245376143727e+00 
  382       1.251915084512e+00 
  383       1.258468193005e+00 
  384       1.265034368664e+00 
  385       1.271612488739e+00 
  386       1.278201408137e+00 
  387       1.284799959274e+00 
  388       1.291406951934e+00 
  389       1.298021173125e+00 
  390       1.304641386941e+00 
  391       1.311266334413e+00 
  392       1.317894733370e+00 
  393       1.324525278297e+00 
  394       1.331156640189e+00 
  395       1.337787466414e+00 
  396       1.344416380563e+00 
  397       1.351041982315e+00 
  398       1.357662847288e+00 
  399       1.364277526900e+00 
  400       1.370884548227e+00 
  401       1.377482413857e+00 
  402       1.384069601749e+00 
  403       1.390644565093e+00 
  404       1.397205732163e+00 
  405       1.403751506178e+00 
  406       1.410280265155e+00 
  407       1.416790361773e+00 
  408       1.423280123224e+00 
  409       1.429747851074e+00 
  410       1.436191935928e+00 
  411       1.442611206194e+00 
  412       1.449004591392e+00 
  413       1.455371008400e+00 
  414       1.461709361394e+00 
  415       1.468018541784e+00 
  416       1.474297428157e+00 
  417       1.480544886216e+00 
  418       1.486759768715e+00 
  419       1.492940915402e+00 
  420       1.499087152958e+00 
  421       1.505197294934e+00 
  422       1.511270141692e+00 
  423       1.517304480342e+00 
  424       1.523299084685e+00 
  425       1.529252715148e+00 
  426       1.535164118726e+00 
  427       1.541032028918e+00 
  428       1.546855165671e+00 
  429       1.552632235315e+00 
  430       1.558361930502e+00 
  431       1.564042930150e+00 
  432       1.569673899375e+00 
  433       1.575253489437e+00 
  434       1.580780337673e+00 
  435       1.586253067443e+00 
  436       1.591670288063e+00 
  437       1.597030594745e+00 
  438       1.602332568541e+00 
  439       1.607574776277e+00 
  440       1.612755770493e+00 
  441       1.617874089386e+00 
  442       1.622928256742e+00 
  443       1.627916781883e+00 
  444       1.632838159601e+00 
  445       1.637690870099e+00 
  446       1.642473378929e+00 
  447       1.647184136932e+00 
  448       1.651821580179e+00 
  449       1.656384276500e+00 
  450       1.660871370441e+00 
  451       1.665282152590e+00 
  452       1.669615914314e+00 
  453       1.673871947785e+00 
  454       1.678049546007e+00 
  455       1.682148002838e+00 
  456       1.686166613020e+00 
  457       1.690104672205e+00 
  458       1.693961476980e+00 
  459       1.697736324894e+00 
  460       1.701428514483e+00 
  461       1.705037345298e+00 
  462       1.708562117929e+00 
  463       1.712002134034e+00 
  464       1.715356696363e+00 
  465       1.718625108785e+00 
  466       1.721806676313e+00 
  467       1.724900705134e+00 
  468       1.727906502629e+00 
  469       1.730823377406e+00 
  470       1.733650639322e+00 
  471       1.736387599508e+00 
  472       1.739033570400e+00 
  473       1.741587865761e+00 
  474       1.744049800710e+00 
  475       1.746418691746e+00 
  476       1.748693856777e+00 
  477       1.750874615141e+00 
  478       1.752960287638e+00 
  479       1.754950196555e+00 
  480       1.756843665687e+00 
  481       1.758640020372e+00 
  482       1.760338587509e+00 
  483       1.761938695589e+00 
  484       1.763439674719e+00 
  485       1.764840856651e+00 
  486       1.766141574804e+00 
  487       1.767341164293e+00 
  488       1.768439073685e+00 
  489       1.769435203861e+00 
  490       1.770329579309e+00 
  491       1.771122237380e+00 
  492       1.771813228379e+00 
  493       1.772402615645e+00 
  494       1.772890475629e+00 
  495       1.773276897984e+00 
  496       1.773561985642e+00 
  497       1.773745854898e+00 
  498       1.773828635491e+00 
  499       1.773810470690e+00 
  500       1.773691517372e+00 
  501       1.773471946108e+00 
  502       1.773151941244e+00 
  503       1.772731700981e+00 
  504       1.772211437462e+00 
  505       1.771591376852e+00 
  506       1.770871759418e+00 
  507       1.770052839616e+00 
  508       1.769134886172e+00 
  509       1.768118182161e+00 
  510       1.767003025094e+00 
  511       1.765789726997e+00 
  512       1.764478614496e+00 
  513       1.763070028897e+00 
  514       1.761564326271e+00 
  515       1.759961877535e+00 
  516       1.758263068532e+00 
  517       1.756468300118e+00 
  518       1.754577988241e+00 
  519       1.752592564026e+00 
  520       1.750512473854e+00 
  521       1.748338179448e+00 
  522       1.746070157952e+00 
  523       1.743708902017e+00 
  524       1.741254919881e+00 
  525       1.738708735450e+00 
  526       1.736070888385e+00 
  527       1.733341971324e+00 
  528       1.730522742531e+00 
  529       1.727614016522e+00 
  530       1.724616627299e+00 
  531       1.721531428452e+00 
  532       1.718359293253e+00 
  533       1.715101114760e+00 
  534       1.711757805909e+00 
  535       1.708330299617e+00 
  536       1.704819548879e+00 
  537       1.701226526865e+00 
  538       1.697552227022e+00 
  539       1.693797663169e+00 
  540       1.689963869597e+00 
  541       1.686051901165e+00 
  542       1.682062833403e+00 
  543       1.677997762607e+00 
  544       1.673857805939e+00 
  545       1.669644101522e+00 
  546       1.665357808544e+00 
  547       1.661000107352e+00 
  548       1.656572199552e+00 
  549       1.652075308108e+00 
  550       1.647510677439e+00 
  551       1.642879573519e+00 
  552       1.638183283972e+00 
  553       1.633423118178e+00 
  554       1.628600407360e+00 
  555       1.623716504694e+00 
  556       1.618772785399e+00 
  557       1.613770646841e+00 
  558       1.608711508627e+00 
  559       1.603596812705e+00 
  560       1.598428023467e+00 
  561       1.593206627837e+00 
  562       1.587934135381e+00 
  563       1.582612078397e+00 
  564       1.577242012018e+00 
  565       1.571825514308e+00 
  566       1.566364124437e+00 
  567       1.560859155256e+00 
  568       1.555311876095e+00 
  569       1.549723574324e+00 
  570       1.544095555431e+00 
  571       1.538429143095e+00 
  572       1.532725679264e+00 
  573       1.526986524228e+00 
  574       1.521213056694e+00 
  575       1.515406673863e+00 
  576       1.509568791504e+00 
  577       1.503700844029e+00 
  578       1.497804284571e+00 
  579       1.491880585054e+00 
  580       1.485931236275e+00 
  581       1.479957747972e+00 
  582       1.473961648906e+00 
  583       1.467944486931e+00 
  584       1.461907829073e+00 
  585       1.455853261602e+00 
  586       1.449782390111e+00 
  587       1.443696839587e+00 
  588       1.437598254490e+00 
  589       1.431488298827e+00 
  590       1.425368656225e+00 
  591       1.419241030010e+00 
  592       1.413107143280e+00 
  593       1.406968738980e+00 
  594       1.400827579979e+00 
  595       1.394685449145e+00 
  596       1.388544149416e+00 
  597       1.382405503883e+00 
  598       1.376271355859e+00 
  599       1.370143568955e+00 
  600       1.364024027160e+00 
  601       1.357914634909e+00 
  602       1.351817317164e+00 
  603       1.345734019488e+00 
  604       1.339666708118e+00 
  605       1.333617231299e+00 
  606       1.327586899456e+00 
  607       1.321576895063e+00 
  608       1.315588410498e+00 
  609       1.309622648073e+00 
  610       1.303680820067e+00 
  611       1.297764148752e+00 
  612       1.291873866425e+00 
  613       1.286011215439e+00 
  614       1.280177448230e+00 
  615       1.274373827347e+00 
  616       1.268601625486e+00 
  617       1.262862125513e+00 
  618       1.257156620501e+00 
  619       1.251486413755e+00 
  620       1.245852818844e+00 
  621       1.240257159630e+00 
  622       1.234700770296e+00 
  623       1.229184995383e+00 
  624       1.223711189809e+00 
  625       1.218280718908e+00 
  626       1.212894958455e+00 
  627       1.207555294699e+00 
  628       1.202263124389e+00 
  629       1.197019854808e+00 
  630       1.191826903799e+00 
  631       1.186685699798e+00 
  632       1.181597681862e+00 
  633       1.176564299698e+00 
  634       1.171587013697e+00 
  635       1.166667294959e+00 
  636       1.161806625325e+00 
  637       1.157006497409e+00 
  638       1.152268414621e+00 
  639       1.147593891206e+00 
  640       1.142984452268e+00 
  641       1.138441633799e+00 
  642       1.133966982713e+00 
  643       1.129562056873e+00 
  644       1.125228257578e+00 
  645       1.120966322792e+00 
  646       1.116776822506e+00 
  647       1.112660325222e+00 
  648       1.108617397940e+00 
  649       1.104648606135e+00 
  650       1.100754513741e+00 
  651       1.096935683128e+00 
  652       1.093192675092e+00 
  653       1.089526048827e+00 
  654       1.085936361913e+00 
  655       1.082424170294e+00 
  656       1.078990028261e+00 
  657       1.075634488433e+00 
  658       1.072358101738e+00 
  659       1.069161417395e+00 
  660       1.066044982898e+00 
  661       1.063009343989e+00 
  662       1.060055044652e+00 
  663       1.057182627082e+00 
  664       1.054392631675e+00 
  665       1.051685597007e+00 
  666       1.049062059813e+00 
  667       1.046522554971e+00 
  668       1.044067615485e+00 
  669       1.041697772461e+00 
  670       1.039413555094e+00 
  671       1.037215490648e+00 
  672       1.035104104433e+00 
  673       1.033079919794e+00 
  674       1.031143458086e+00 
  675       1.029295238659e+00 
  676       1.027535778839e+00 
  677       1.025865593908e+00 
  678       1.024285197086e+00 
  679       1.022795099513e+00 
  680       1.021395810232e+00 
  681       1.020087836165e+00 
  682       1.018871682102e+00 
  683       1.017747722735e+00 
  684       1.016715815821e+00 
  685       1.015775680728e+00 
  686       1.014927025577e+00 
  687       1.014169547189e+00 
  688       1.013502931035e+00 
  689       1.012926851182e+00 
  690       1.012440970248e+00 
  691       1.012044939343e+00 
  692       1.011738398020e+00 
  693       1.011520974229e+00 
  694       1.011392284255e+00 
  695       1.011351932678e+00 
  696       1.011399512313e+00 
  697       1.011534604162e+00 
  698       1.011756777363e+00 
  699       1.012065589139e+00 
  700       1.012460584742e+00 
  701       1.012941297409e+00 
  702       1.013507248304e+00 
  703       1.014157946470e+00 
  704       1.014892888778e+00 
  705       1.015711559871e+00 
  706       1.016613432121e+00 
  707       1.017597965568e+00 
  708       1.018664607874e+00 
  709       1.019812794274e+00 
  710       1.021041947516e+00 
  711       1.022351477820e+00 
  712       1.023740782817e+00 
  713       1.025209247505e+00 
  714       1.026756244194e+00 
  715       1.028381132454e+00 
  716       1.030083259065e+00 
  717       1.031861957967e+00 
  718       1.033716550205e+00 
  719       1.035646343880e+00 
  720       1.037650634097e+00 
  721       1.039728702914e+00 
  722       1.041879782141e+00 
  723       1.044102941014e+00 
  724       1.046397196151e+00 
  725       1.048761548434e+00 
  726       1.051194982951e+00 
  727       1.053696468935e+00 
  728       1.056264959705e+00 
  729       1.058899392606e+00 
  730       1.061598688945e+00 
  731       1.064361753937e+00 
  732       1.067187476644e+00 
  733       1.070074729910e+00 
  734       1.073022370307e+00 
  735       1.076029238071e+00 
  736       1.079094157045e+00 
  737       1.082215934617e+00 
  738       1.085393361661e+00 
  739       1.088625212477e+00 
  740       1.091910244728e+00 
  741       1.095247199388e+00 
  742       1.098634800672e+00 
  743       1.102071755984e+00 
  744       1.105556755852e+00 
  745       1.109088473871e+00 
  746       1.112665566642e+00 
  747       1.116286673712e+00 
  748       1.119950417513e+00 
  749       1.123655403305e+00 
  750       1.127400219114e+00 
  751       1.131183435670e+00 
  752       1.135003606351e+00 
  753       1.138859267121e+00 
  754       1.142748936470e+00 
  755       1.146671115356e+00 
  756       1.150624287140e+00 
  757       1.154606917533e+00 
  758       1.158617454531e+00 
  759       1.162654328356e+00 
  760       1.166715951397e+00 
  761       1.170800787123e+00 
  762       1.174907558390e+00 
  763       1.179035043007e+00 
  764       1.183182005083e+00 
  765       1.187347194975e+00 
  766       1.191529349249e+00 
  767       1.195727190628e+00 
  768       1.199939427953e+00 
  769       1.204164756130e+00 
  770       1.208401856089e+00 
  771       1.212649394740e+00 
  772       1.216906024921e+00 
  773       1.221170385359e+00 
  774       1.225441100619e+00 
  775       1.229716781061e+00 
  776       1.233996022794e+00 
  777       1.238277407632e+00 
  778       1.242559503044e+00 
  779       1.246840862113e+00 
  780       1.251120023485e+00 
  781       1.255395511330e+00 
  782       1.259665835290e+00 
  783       1.263929490439e+00 
  784       1.268184957231e+00 
  785       1.272430701459e+00 
  786       1.276665174210e+00 
  787       1.280886811815e+00 
  788       1.285094035807e+00 
  789       1.289285252871e+00 
  790       1.293458854806e+00 
  791       1.297613218471e+00 
  792       1.301746705743e+00 
  793       1.305857663474e+00 
  794       1.309944423439e+00 
  795       1.314005302297e+00 
  796       1.318038601540e+00 
  797       1.322042607449e+00 
  798       1.326015591051e+00 
  799       1.329955808069e+00 
  800       1.333861643356e+00 
  801       1.337732047163e+00 
  802       1.341566106734e+00 
  803       1.345362902539e+00 
  804       1.349121508248e+00 
  805       1.352840990717e+00 
  806       1.356520409966e+00 
  807       1.360158819164e+00 
  808       1.363755264608e+00 
  809       1.367308785705e+00 
  810       1.370818414953e+00 
  811       1.374283177922e+00 
  812       1.377702093238e+00 
  813       1.381074172562e+00 
  814       1.384398420569e+00 
  815       1.387673834936e+00 
  816       1.390899406317e+00 
  817       1.394074118327e+00 
  818       1.397196947525e+00 
  819       1.400266863392e+00 
  820       1.403282828314e+00 
  821       1.406243797565e+00 
  822       1.409148719283e+00 
  823       1.411996534461e+00 
  824       1.414786176916e+00 
  825       1.417516573281e+00 
  826       1.420186642981e+00 
  827       1.422795298216e+00 
  828       1.425341443941e+00 
  829       1.427823977849e+00 
  830       1.430241790351e+00 
  831       1.432593764558e+00 
  832       1.434878776264e+00 
  833       1.437095693924e+00 
  834       1.439243378638e+00 
  835       1.441320684130e+00 
  836       1.443326456734e+00 
  837       1.445259535368e+00 
  838       1.447118751523e+00 
  839       1.448903091783e+00 
  840       1.450612188528e+00 
  841       1.452245837734e+00 
  842       1.453803837209e+00 
  843       1.455285986603e+00 
  844       1.456692087416e+00 
  845       1.458021943010e+00 
  846       1.459275358615e+00 
  847       1.460452141339e+00 
  848       1.461552100177e+00 
  849       1.462575046023e+00 
  850       1.463520791673e+00 
  851       1.464389151838e+00 
  852       1.465179943154e+00 
  853       1.465892984188e+00 
  854       1.466528095450e+00 
  855       1.467085099399e+00 
  856       1.467563820454e+00 
  857       1.467964085003e+00 
  858       1.468285721411e+00 
  859       1.468528560031e+00 
  860       1.468692433211e+00 
  861       1.468777175303e+00 
  862       1.468782622675e+00 
  863       1.468708613715e+00 
  864       1.468554988846e+00 
  865       1.468321590529e+00 
  866       1.468008263278e+00 
  867       1.467614853664e+00 
  868       1.467141210326e+00 
  869       1.466587183982e+00 
  870       1.465952627435e+00 
  871       1.465237395582e+00 
  872       1.464441345427e+00 
  873       1.463564336086e+00 
  874       1.462606228797e+00 
  875       1.461566886930e+00 
  876       1.460446175994e+00 
  877       1.459243963650e+00 
  878       1.457960231832e+00 
  879       1.456595415147e+00 
  880       1.455150068123e+00 
  881       1.453624753626e+00 
  882       1.452020042887e+00 
  883       1.450336515533e+00 
  884       1.448574759605e+00 
  885       1.446735371592e+00 
  886       1.444818956456e+00 
  887       1.442826127655e+00 
  888       1.440757507172e+00 
  889       1.438613725542e+00 
  890       1.436395421878e+00 
  891       1.434103243897e+00 
  892       1.431737847946e+00 
  893       1.429299899029e+00 
  894       1.426790070834e+00 
  895       1.424209045760e+00 
  896       1.421557514941e+00 
  897       1.418836178276e+00 
  898       1.416045744452e+00 
  899       1.413186930971e+00 
  900       1.410260464180e+00 
  901       1.407267079294e+00 
  902       1.404207520422e+00 
  903       1.401082540597e+00 
  904       1.397892901800e+00 
  905       1.394639374985e+00 
  906       1.391322740109e+00 
  907       1.387943786157e+00 
  908       1.384503311168e+00 
  909       1.381002122260e+00 
  910       1.377441035662e+00 
  911       1.373820876732e+00 
  912       1.370142479992e+00 
  913       1.366406689149e+00 
  914       1.362614357124e+00 
  915       1.358766346076e+00 
  916       1.354863527432e+00 
  917       1.350906804977e+00 
  918       1.346897184489e+00 
  919       1.342835705264e+00 
  920       1.338723417184e+00 
  921       1.334561380743e+00 
  922       1.330350667082e+00 
  923       1.326092358011e+00 
  924       1.321787546047e+00 
  925       1.317437334437e+00 
  926       1.313042837193e+00 
  927       1.308605179116e+00 
  928       1.304125495833e+00 
  929       1.299604933821e+00 
  930       1.295044650439e+00 
  931       1.290445813956e+00 
  932       1.285809603586e+00 
  933       1.281137209509e+00 
  934       1.276429832910e+00 
  935       1.271688686003e+00 
  936       1.266914992061e+00 
  937       1.262109985449e+00 
  938       1.257274911650e+00 
  939       1.252411027299e+00 
  940       1.247519600207e+00 
  941       1.242601909398e+00 
  942       1.237659245131e+00 
  943       1.232692908937e+00 
  944       1.227704213642e+00 
  945       1.222694483404e+00 
  946       1.217665053735e+00 
  947       1.212617271538e+00 
  948       1.207552495132e+00 
  949       1.202472094283e+00 
  950       1.197377450233e+00 
  951       1.192269955734e+00 
  952       1.187151015071e+00 
  953       1.182022044097e+00 
  954       1.176884470262e+00 
  955       1.171739732639e+00 
  956       1.166589211682e+00 
  957       1.161434017249e+00 
  958       1.156275197396e+00 
  959       1.151113808383e+00 
  960       1.145950914695e+00 
  961       1.140787589061e+00 
  962       1.135624912474e+00 
  963       1.130463974215e+00 
  964       1.125305871868e+00 
  965       1.120151711346e+00 
  966       1.115002606909e+00 
  967       1.109859681184e+00 
  968       1.104724065186e+00 
  969       1.099596898342e+00 
  970       1.094479328504e+00 
  971       1.089372511977e+00 
  972       1.084277613535e+00 
  973       1.079195806445e+00 
  974       1.074128272483e+00 
  975       1.069076201959e+00 
  976       1.064040793735e+00 
  977       1.059023255247e+00 
  978       1.054024802524e+00 
  979       1.049046660210e+00 
  980       1.044090061584e+00 
  981       1.039156248579e+00 
  982       1.034246471805e+00 
  983       1.029361990569e+00 
  984       1.024504072896e+00 
  985       1.019673995545e+00 
  986       1.014873044037e+00 
  987       1.010102512670e+00 
  988       1.005363704541e+00 
  989       1.000657931569e+00 
  990       9.959865145097e-01 
  991       9.913507829830e-01 
  992       9.867520754887e-01 
  993       9.821917394291e-01 
  994       9.776711311288e-01 
  995       9.731914864631e-01 
  996       9.687535306204e-01 
  997       9.643578626515e-01 
  998       9.600050843484e-01 
  999       9.556958002483e-01 
 1000       9.514306176392e-01 
 1001       9.472101465644e-01 
 1002       9.430349998276e-01 
 1003       9.389057929974e-01 
 1004       9.348231444128e-01 
 1005       9.307876751874e-01 
 1006       9.268000092147e-01 
 1007       9.228607731730e-01 
 1008       9.189705965300e-01 
 1009       9.151301115479e-01 
 1010       9.113399532881e-01 
 1011       9.076007596163e-01 
 1012       9.039131712074e-01 
 1013       9.002778315500e-01 
 1014       8.966953869516e-01 
 1015       8.931664865435e-01 
 1016       8.896917822855e-01 
 1017       8.862719289708e-01 
 1018       8.829075842312e-01 
 1019       8.795994085414e-01 
 1020       8.763480652245e-01 
 1021       8.731542204563e-01 
 1022       8.700185432707e-01 
 1023       8.669417055641e-01 
 1024       8.639243821008e-01 
 1025       8.609672505174e-01 
 1026       8.580709913279e-01 
 1027       8.552362879285e-01 
 1028       8.524638266028e-01 
 1029       8.497542965260e-01 
 1030       8.471083897706e-01 
 1031       8.445268013106e-01 
 1032       8.420102290268e-01 
 1033       8.395593737113e-01 
 1034       8.371748111644e-01 
 1035       8.348566064943e-01 
 1036       8.326046943775e-01 
 1037       8.304190064637e-01 
 1038       8.282994713665e-01 
 1039       8.262460146536e-01 
 1040       8.242585588379e-01 
 1041       8.223370233673e-01 
 1042       8.204813246159e-01 
 1043       8.186913758741e-01 
 1044       8.169670873393e-01 
 1045       8.153083661066e-01 
 1046       8.137151161589e-01 
 1047       8.121872383580e-01 
 1048       8.107246304346e-01 
 1049       8.093271869793e-01 
 1050       8.079947994326e-01 
 1051       8.067273560761e-01 
 1052       8.055247420225e-01 
 1053       8.043868392064e-01 
 1054       8.033135263745e-01 
 1055       8.023046790769e-01 
 1056       8.013601696567e-01 
 1057       8.004798672411e-01 
 1058       7.996636377320e-01 
 1059       7.989113437960e-01 
 1060       7.982228448555e-01 
 1061       7.975979970790e-01 
 1062       7.970366533716e-01 
 1063       7.965386633657e-01 
 1064       7.961038734114e-01 
 1065       7.957321265668e-01 
 1066       7.954232625892e-01 
 1067       7.951771179250e-01 
 1068       7.949935257005e-01 
 1069       7.948723157125e-01 
 1070       7.948133144187e-01 
 1071       7.948163449282e-01 
 1072       7.948812269922e-01 
 1073       7.950076997835e-01 
 1074       7.951951891021e-01 
 1075       7.954430369809e-01 
 1076       7.957505785918e-01 
 1077       7.961171422279e-01 
 1078       7.965420492866e-01 
 1079       7.970246142512e-01 
 1080       7.975641446743e-01 
 1081       7.981599411598e-01 
 1082       7.988112973454e-01 
 1083       7.995174998853e-01 
 1084       8.002778284327e-01 
 1085       8.010915556218e-01 
 1086       8.019579470511e-01 
 1087       8.028762612654e-01 
 1088       8.038457497382e-01 
 1089       8.048656568545e-01 
 1090       8.059352198932e-01 
 1091       8.070536690095e-01 
 1092       8.082202272175e-01 
 1093       8.094341103727e-01 
 1094       8.106945271543e-01 
 1095       8.120006790482e-01 
 1096       8.133517603287e-01 
 1097       8.147469580418e-01 
 1098       8.161854519873e-01 
 1099       8.176664147011e-01 
 1100       8.191890114383e-01 
 1101       8.207524001550e-01 
 1102       8.223557314913e-01 
 1103       8.239981487536e-01 
 1104       8.256787878973e-01 
 1105       8.273967775088e-01 
 1106       8.291512387885e-01 
 1107       8.309412855331e-01 
 1108       8.327660241181e-01 
 1109       8.346245534804e-01 
 1110       8.365159651005e-01 
 1111       8.384393429855e-01 
 1112       8.403937675574e-01 
 1113       8.423783274116e-01 
 1114       8.443921076785e-01 
 1115       8.464341861138e-01 
 1116       8.485036330817e-01 
 1117       8.505995115375e-01 
 1118       8.527208770105e-01 
 1119       8.548667775871e-01 
 1120       8.570362538934e-01 
 1121       8.592283390781e-01 
 1122       8.614420587958e-01 
 1123       8.636764311891e-01 
 1124       8.659304668724e-01 
 1125       8.682031689139e-01 
 1126       8.704935328191e-01 
 1127       8.728005465134e-01 
 1128       8.751231903249e-01 
 1129       8.774604369675e-01 
 1130       8.798112515237e-01 
 1131       8.821745914274e-01 
 1132       8.845494064469e-01 
 1133       8.869346386676e-01 
 1134       8.893292224749e-01 
 1135       8.917320845374e-01 
 1136       8.941421437893e-01 
 1137       8.965583114137e-01 
 1138       8.989794908250e-01 
 1139       9.014045776524e-01 
 1140       9.038324597220e-01 
 1141       9.062620170405e-01 
 1142       9.086921217775e-01 
 1143       9.111216382485e-01 
 1144       9.135494228980e-01 
 1145       9.159743242820e-01 
 1146       9.183951830512e-01 
 1147       9.208108319338e-01 
 1148       9.232200957182e-01 
 1149       9.256217912361e-01 
 1150       9.280147273452e-01 
 1151       9.303977797282e-01 
 1152       9.327701163637e-01 
 1153       9.351309748842e-01 
 1154       9.374795880091e-01 
 1155       9.398151835346e-01 
 1156       9.421369843234e-01 
 1157       9.444442082943e-01 
 1158       9.467360684114e-01 
 1159       9.490117726747e-01 
 1160       9.512705241087e-01 
 1161       9.535115207527e-01 
 1162       9.557339556504e-01 
 1163       9.579370168392e-01 
 1164       9.601198873403e-01 
 1165       9.622817451478e-01 
 1166       9.644217632190e-01 
 1167       9.665391094635e-01 
 1168       9.686329467331e-01 
 1169       9.707024328114e-01 
 1170       9.727467204034e-01 
 1171       9.747649571253e-01 
 1172       9.767562854939e-01 
 1173       9.787198429164e-01 
 1174       9.806547616802e-01 
 1175       9.825601689422e-01 
 1176       9.844351867187e-01 
 1177       9.862789318749e-01 
 1178       9.880905161146e-01 
 1179       9.898690459700e-01 
 1180       9.916136227911e-01 
 1181       9.933233427354e-01 
 1182       9.949972967578e-01 
 1183       9.966345705999e-01 
 1184       9.982342447797e-01 
 1185       9.997953945816e-01 
 1186       1.001317090045e+00 
 1187       1.002798395957e+00 
 1188       1.004238371836e+00 
 1189       1.005636071929e+00 
 1190       1.006990654684e+00 
 1191       1.008301712684e+00 
 1192       1.009568946745e+00 
 1193       1.010792056800e+00 
 1194       1.011970741889e+00 
 1195       1.013104700165e+00 
 1196       1.014193628890e+00 
 1197       1.015237224435e+00 
 1198       1.016235182276e+00 
 1199       1.017187196997e+00 
 1200       1.018092962288e+00 
 1201       1.018952170940e+00 
 1202       1.019764514849e+00 
 1203       1.020529685013e+00 
 1204       1.021247371530e+00 
 1205       1.021917263598e+00 
 1206       1.022539049513e+00 
 1207       1.023112416669e+00 
 1208       1.023637051556e+00 
 1209       1.024112639760e+00 
 1210       1.024538865962e+00 
 1211       1.024915413933e+00 
 1212       1.025241966540e+00 
 1213       1.025518205737e+00 
 1214       1.025743812572e+00 
 1215       1.025918467180e+00 
 1216       1.026041848782e+00 
 1217       1.026113635688e+00 
 1218       1.026133505292e+00 
 1219       1.026101134076e+00 
 1220       1.026016197600e+00 
 1221       1.025878370510e+00 
 1222       1.025687326532e+00 
 1223       1.025442738473e+00 
 1224       1.025144278219e+00 
 1225       1.024791616733e+00 
 1226       1.024384424054e+00 
 1227       1.023922369301e+00 
 1228       1.023405120663e+00 
 1229       1.022832441208e+00 
 1230       1.022204477530e+00 
 1231       1.021521474529e+00 
 1232       1.020783679930e+00 
 1233       1.019991344286e+00 
 1234       1.019144720986e+00 
 1235       1.018244066262e+00 
 1236       1.017289639192e+00 
 1237       1.016281701712e+00 
 1238       1.015220518619e+00 
 1239       1.014106357580e+00 
 1240       1.012939489133e+00 
 1241       1.011720186702e+00 
 1242       1.010448726595e+00 
 1243       1.009125388017e+00 
 1244       1.007750453072e+00 
 1245       1.006324206775e+00 
 1246       1.004846937050e+00 
 1247       1.003318934746e+00 
 1248       1.001740493636e+00 
 1249       1.000111910429e+00 
 1250       9.984334847715e-01 
 1251       9.967055192591e-01 
 1252       9.949283194391e-01 
 1253       9.931021938189e-01 
 1254       9.912274538719e-01 
 1255       9.893044140445e-01 
 1256       9.873333917620e-01 
 1257       9.853147074357e-01 
 1258       9.832486844691e-01 
 1259       9.811356492645e-01 
 1260       9.789759312295e-01 
 1261       9.767698627834e-01 
 1262       9.745177793642e-01 
 1263       9.722200194344e-01 
 1264       9.698769244882e-01 
 1265       9.674888390576e-01 
 1266       9.650561107191e-01 
 1267       9.625790901000e-01 
 1268       9.600581765416e-01 
 1269       9.574939556502e-01 
 1270       9.548870633450e-01 
 1271       9.522381403551e-01 
 1272       9.495478322298e-01 
 1273       9.468167893483e-01 
 1274       9.440456669298e-01 
 1275       9.412351250432e-01 
 1276       9.383858286173e-01 
 1277       9.354984474505e-01 
 1278       9.325736562210e-01 
 1279       9.296121344964e-01 
 1280       9.266145667437e-01 
 1281       9.235816423394e-01 
 1282       9.205140555794e-01 
 1283       9.174125056886e-01 
 1284       9.142776968315e-01 
 1285       9.111103381212e-01 
 1286       9.079111436303e-01 
 1287       9.046808324000e-01 
 1288       9.014201284506e-01 
 1289       8.981297607911e-01 
 1290       8.948104634293e-01 
 1291       8.914629753816e-01 
 1292       8.880880406831e-01 
 1293       8.846864083973e-01 
 1294       8.812588326263e-01 
 1295       8.778060725202e-01 
 1296       8.743288922880e-01 
 1297       8.708280612063e-01 
 1298       8.673043536303e-01 
 1299       8.637585490030e-01 
 1300       8.601914318655e-01 
 1301       8.566037918670e-01 
 1302       8.529964237743e-01 
 1303       8.493701274820e-01 
 1304       8.457257080226e-01 
 1305       8.420639755761e-01 
 1306       8.383857454800e-01 
 1307       8.346918198735e-01 
 1308       8.309829323854e-01 
 1309       8.272598028466e-01 
 1310       8.235231556093e-01 
 1311       8.197737195554e-01 
 1312       8.160122281047e-01 
 1313       8.122394192243e-01 
 1314       8.084560354364e-01 
 1315       8.046628238277e-01 
 1316       8.008605360576e-01 
 1317       7.970499283667e-01 
 1318       7.932317615860e-01 
 1319       7.894068011451e-01 
 1320       7.855758170809e-01 
 1321       7.817395840462e-01 
 1322       7.778988813186e-01 
 1323       7.740544928088e-01 
 1324       7.702072070695e-01 
 1325       7.663578173039e-01 
 1326       7.625071213744e-01 
 1327       7.586559218111e-01 
 1328       7.548050258207e-01 
 1329       7.509552452948e-01 
 1330       7.471073968189e-01 
 1331       7.432623016806e-01 
 1332       7.394207858788e-01 
 1333       7.355836801319e-01 
 1334       7.317518198865e-01 
 1335       7.279260453261e-01 
 1336       7.241072013799e-01 
 1337       7.202961377310e-01 
 1338       7.164937088257e-01 
 1339       7.127007738815e-01 
 1340       7.089181968959e-01 
 1341       7.051468466554e-01 
 1342       7.013875967437e-01 
 1343       6.976413255505e-01 
 1344       6.939089162801e-01 
 1345       6.901912569603e-01 
 1346       6.864891741772e-01 
 1347       6.828032334763e-01 
 1348       6.791339368107e-01 
 1349       6.754817886215e-01 
 1350       6.718472958426e-01 
 1351       6.682309679045e-01 
 1352       6.646333167390e-01 
 1353       6.610548567829e-01 
 1354       6.574961049828e-01 
 1355       6.539575807989e-01 
 1356       6.504398062097e-01 
 1357       6.469433057157e-01 
 1358       6.434686063441e-01 
 1359       6.400162376531e-01 
 1360       6.365867317356e-01 
 1361       6.331806232241e-01 
 1362       6.297984492945e-01 
 1363       6.264407496705e-01 
 1364       6.231080666280e-01 
 1365       6.198009449990e-01 
 1366       6.165199321763e-01 
 1367       6.132655781173e-01 
 1368       6.100384353486e-01 
 1369       6.068390589701e-01 
 1370       6.036680066593e-01 
 1371       6.005258386753e-01 
 1372       5.974131178634e-01 
 1373       5.943304096594e-01 
 1374       5.912782820935e-01 
 1375       5.882573057946e-01 
 1376       5.852680539950e-01 
 1377       5.823111025339e-01 
 1378       5.793870298624e-01 
 1379       5.764964170473e-01 
 1380       5.736398477756e-01 
 1381       5.708179083584e-01 
 1382       5.680311877355e-01 
 1383       5.652802774796e-01 
 1384       5.625657718003e-01 
 1385       5.598881850425e-01 
 1386       5.572477032183e-01 
 1387       5.546444298600e-01 
 1388       5.520784682874e-01 
 1389       5.495499216067e-01 
 1390       5.470588927098e-01 
 1391       5.446054842734e-01 
 1392       5.421897987579e-01 
 1393       5.398119384065e-01 
 1394       5.374720052447e-01 
 1395       5.351701010789e-01 
 1396       5.329063274955e-01 
 1397       5.306807858607e-01 
 1398       5.284935773185e-01 
 1399       5.263448027907e-01 
 1400       5.242345629756e-01 
 1401       5.221629583471e-01 
 1402       5.201300891539e-01 
 1403       5.181360554185e-01 
 1404       5.161809569362e-01 
 1405       5.142648932747e-01 
 1406       5.123879637724e-01 
 1407       5.105502675381e-01 
 1408       5.087519034499e-01 
 1409       5.069929701543e-01 
 1410       5.052735660653e-01 
 1411       5.035937893634e-01 
 1412       5.019537379949e-01 
 1413       5.003535096708e-01 
 1414       4.987932018659e-01 
 1415       4.972729118180e-01 
 1416       4.957927365270e-01 
 1417       4.943527727540e-01 
 1418       4.929531170201e-01 
 1419       4.915938656060e-01 
 1420       4.902751145506e-01 
 1421       4.889969596504e-01 
 1422       4.877594964586e-01 
 1423       4.865628202840e-01 
 1424       4.854069638613e-01 
 1425       4.842917096636e-01 
 1426       4.832167756604e-01 
 1427       4.821818774672e-01 
 1428       4.811867283410e-01 
 1429       4.802310391753e-01 
 1430       4.793145184960e-01 
 1431       4.784368724563e-01 
 1432       4.775978048327e-01 
 1433       4.767970170198e-01 
 1434       4.760342080263e-01 
 1435       4.753090744697e-01 
 1436       4.746213105725e-01 
 1437       4.739706081569e-01 
 1438       4.733566566408e-01 
 1439       4.727791430327e-01 
 1440       4.722377519275e-01 
 1441       4.717321655017e-01 
 1442       4.712620635087e-01 
 1443       4.708271232745e-01 
 1444       4.704270196931e-01 
 1445       4.700614252215e-01 
 1446       4.697300098755e-01 
 1447       4.694324412250e-01 
 1448       4.691683843895e-01 
 1449       4.689375020331e-01 
 1450       4.687394543606e-01 
 1451       4.685738991122e-01 
 1452       4.684404915593e-01 
 1453       4.683388845000e-01 
 1454       4.682687282542e-01 
 1455       4.682296706590e-01 
 1456       4.682213570646e-01 
 1457       4.682434303291e-01 
 1458       4.682955308142e-01 
 1459       4.683772963806e-01 
 1460       4.684883623836e-01 
 1461       4.686283616678e-01 
 1462       4.687969245636e-01 
 1463       4.689936590624e-01 
 1464       4.692180911396e-01 
 1465       4.694697238262e-01 
 1466       4.697480569682e-01 
 1467       4.700525872211e-01 
 1468       4.703828080438e-01 
 1469       4.707382096933e-01 
 1470       4.711182792188e-01 
 1471       4.715225004559e-01 
 1472       4.719503540210e-01 
 1473       4.724013173058e-01 
 1474       4.728748644712e-01 
 1475       4.733704664419e-01 
 1476       4.738875909005e-01 
 1477       4.744257022821e-01 
 1478       4.749842617681e-01 
 1479       4.755627272810e-01 
 1480       4.761605534784e-01 
 1481       4.767771917474e-01 
 1482       4.774120901989e-01 
 1483       4.780646936618e-01 
 1484       4.787344436774e-01 
 1485       4.794207784938e-01 
 1486       4.801231330598e-01 
 1487       4.808409390197e-01 
 1488       4.815736247072e-01 
 1489       4.823206151400e-01 
 1490       4.830813320138e-01 
 1491       4.838551936969e-01 
 1492       4.846416152242e-01 
 1493       4.854400082917e-01 
 1494       4.862497812508e-01 
 1495       4.870703391024e-01 
 1496       4.879010834916e-01 
 1497       4.887414127014e-01 
 1498       4.895907216475e-01 
 1499       4.904484018724e-01 
 1500       4.913138415398e-01 
 1501       4.921864254286e-01 
 1502       4.930655598138e-01 
 1503       4.939507473842e-01 
 1504       4.948415130423e-01 
 1505       4.957373790809e-01 
 1506       4.966378651777e-01 
 1507       4.975424883917e-01 
 1508       4.984507631584e-01 
 1509       4.993622012855e-01 
 1510       5.002763119487e-01 
 1511       5.011926016870e-01 
 1512       5.021105743985e-01 
 1513       5.030297313362e-01 
 1514       5.039495711032e-01 
 1515       5.048695896488e-01 
 1516       5.057892802636e-01 
 1517       5.067081335755e-01 
 1518       5.076256375453e-01 
 1519       5.085412774622e-01 
 1520       5.094545359394e-01 
 1521       5.103648929097e-01 
 1522       5.112718256213e-01 
 1523       5.121748086334e-01 
 1524       5.130733138116e-01 
 1525       5.139668103235e-01 
 1526       5.148547646348e-01 
 1527       5.157366405043e-01 
 1528       5.166118989800e-01 
 1529       5.174799983945e-01 
 1530       5.183403943606e-01 
 1531       5.191925397669e-01 
 1532       5.200358847736e-01 
 1533       5.208698768081e-01 
 1534       5.216939605602e-01 
 1535       5.225075779783e-01 
 1536       5.233101682648e-01 
 1537       5.241011678716e-01 
 1538       5.248800104957e-01 
 1539       5.256461270752e-01 
 1540       5.263989457843e-01 
 1541       5.271379454949e-01 
 1542       5.278628167230e-01 
 1543       5.285733022010e-01 
 1544       5.292691435496e-01 
 1545       5.299500812757e-01 
 1546       5.306158547709e-01 
 1547       5.312662023099e-01 
 1548       5.319008610488e-01 
 1549       5.325195670233e-01 
 1550       5.331220551472e-01 
 1551       5.337080592104e-01 
 1552       5.342773118777e-01 
 1553       5.348295446866e-01 
 1554       5.353644880462e-01 
 1555       5.358818712348e-01 
 1556       5.363814223989e-01 
 1557       5.368628685511e-01 
 1558       5.373259355686e-01 
 1559       5.377703481915e-01 
 1560       5.381958300211e-01 
 1561       5.386021035180e-01 
 1562       5.389888900010e-01 
 1563       5.393559096448e-01 
 1564       5.397028814786e-01 
 1565       5.400295233844e-01 
 1566       5.403355520953e-01 
 1567       5.406206831940e-01 
 1568       5.408846311107e-01 
 1569       5.411271091219e-01 
 1570       5.413478293482e-01 
 1571       5.415465027532e-01 
 1572       5.417228391414e-01 
 1573       5.418765471566e-01 
 1574       5.420073342805e-01 
 1575       5.421149068304e-01 
 1576       5.421989699583e-01 
 1577       5.422592276486e-01 
 1578       5.422953827167e-01 
 1579       5.423071368073e-01 
 1580       5.422942459733e-01 
 1581       5.422566879791e-01 
 1582       5.421944965428e-01 
 1583       5.421077058976e-01 
 1584       5.419963507923e-01 
 1585       5.418604664926e-01 
 1586       5.417000887818e-01 
 1587       5.415152539621e-01 
 1588       5.413059988556e-01 
 1589       5.410723608049e-01 
 1590       5.408143776746e-01 
 1591       5.405320878516e-01 
 1592       5.402255302471e-01 
 1593       5.398947442965e-01 
 1594       5.395397699612e-01 
 1595       5.391606477292e-01 
 1596       5.387574186161e-01 
 1597       5.383301241664e-01 
 1598       5.378788064540e-01 
 1599       5.374035080836e-01 
 1600       5.369042721914e-01 
 1601       5.363811424465e-01 
 1602       5.358341630513e-01 
 1603       5.352633787430e-01 
 1604       5.346688347944e-01 
 1605       5.340505770148e-01 
 1606       5.334086517511e-01 
 1607       5.327431058887e-01 
 1608       5.320539868528e-01 
 1609       5.313413426089e-01 
 1610       5.306052216642e-01 
 1611       5.298456730682e-01 
 1612       5.290627464142e-01 
 1613       5.282564918398e-01 
 1614       5.274269600282e-01 
 1615       5.265742022091e-01 
 1616       5.256982701596e-01 
 1617       5.247992162052e-01 
 1618       5.238770932211e-01 
 1619       5.229319898331e-01 
 1620       5.219641363680e-01 
 1621       5.209737998629e-01 
 1622       5.199612489539e-01 
 1623       5.189267538793e-01 
 1624       5.178705864816e-01 
 1625       5.167930202108e-01 
 1626       5.156943301261e-01 
 1627       5.145747928993e-01 
 1628       5.134346868171e-01 
 1629       5.122742917835e-01 
 1630       5.110938893227e-01 
 1631       5.098937625816e-01 
 1632       5.086741963324e-01 
 1633       5.074354769752e-01 
 1634       5.061778925405e-01 
 1635       5.049017326919e-01 
 1636       5.036072887289e-01 
 1637       5.022948535891e-01 
 1638       5.009647218509e-01 
 1639       4.996171897365e-01 
 1640       4.982525551139e-01 
 1641       4.968711175000e-01 
 1642       4.954731780629e-01 
 1643       4.940590396245e-01 
 1644       4.926290066635e-01 
 1645       4.911833853173e-01 
 1646       4.897224833853e-01 
 1647       4.882466103310e-01 
 1648       4.867560772851e-01 
 1649       4.852511970473e-01 
 1650       4.837322840899e-01 
 1651       4.821996545596e-01 
 1652       4.806536262805e-01 
 1653       4.790945187565e-01 
 1654       4.775226531742e-01 
 1655       4.759383524051e-01 
 1656       4.743419410085e-01 
 1657       4.727337452339e-01 
 1658       4.711140958383e-01 
 1659       4.694833365591e-01 
 1660       4.678418157211e-01 
 1661       4.661898834313e-01 
 1662       4.645278915819e-01 
 1663       4.628561938528e-01 
 1664       4.611751457146e-01 
 1665       4.594851044309e-01 
 1666       4.577864290614e-01 
 1667       4.560794804646e-01 
 1668       4.543646213002e-01 
 1669       4.526422160322e-01 
 1670       4.509126309314e-01 
 1671       4.491762340781e-01 
 1672       4.474333953650e-01 
 1673       4.456844865000e-01 
 1674       4.439298810084e-01 
 1675       4.421699542361e-01 
 1676       4.404050833525e-01 
 1677       4.386356473525e-01 
 1678       4.368620270598e-01 
 1679       4.350846051296e-01 
 1680       4.333037660510e-01 
 1681       4.315198961500e-01 
 1682       4.297333835922e-01 
 1683       4.279446183854e-01 
 1684       4.261539923823e-01 
 1685       4.243618992835e-01 
 1686       4.225687346398e-01 
 1687       4.207748958553e-01 
 1688       4.189807821901e-01 
 1689       4.171867947626e-01 
 1690       4.153933365527e-01 
 1691       4.136008124044e-01 
 1692       4.118096290284e-01 
 1693       4.100201950047e-01 
 1694       4.082329207859e-01 
 1695       4.064482186993e-01 
 1696       4.046665029499e-01 
 1697       4.028881656193e-01 
 1698       4.011135044307e-01 
 1699       3.993427943668e-01 
 1700       3.975763116183e-01 
 1701       3.958143335857e-01 
 1702       3.940571388815e-01 
 1703       3.923050073313e-01 
 1704       3.905582199758e-01 
 1705       3.888170590727e-01 
 1706       3.870818080982e-01 
 1707       3.853527517486e-01 
 1708       3.836301759423e-01 
 1709       3.819143678215e-01 
 1710       3.802056157538e-01 
 1711       3.785042093337e-01 
 1712       3.768104393850e-01 
 1713       3.751245979618e-01 
 1714       3.734469783507e-01 
 1715       3.717778750723e-01 
 1716       3.701175838830e-01 
 1717       3.684664017766e-01 
 1718       3.668246269862e-01 
 1719       3.651925589860e-01 
 1720       3.635704984926e-01 
 1721       3.619587474671e-01 
 1722       3.603576091168e-01 
 1723       3.587673878969e-01 
 1724       3.571883895119e-01 
 1725       3.556209209177e-01 
 1726       3.540652903235e-01 
 1727       3.525218071927e-01 
 1728       3.509907822457e-01 
 1729       3.494725274607e-01 
 1730       3.479673560760e-01 
 1731       3.464755825915e-01 
 1732       3.449975227703e-01 
 1733       3.435334936409e-01 
 1734       3.420838134984e-01 
 1735       3.406488019063e-01 
 1736       3.392287419405e-01 
 1737       3.378237665688e-01 
 1738       3.364339713168e-01 
 1739       3.350594519397e-01 
 1740       3.337003044218e-01 
 1741       3.323566249776e-01 
 1742       3.310285100514e-01 
 1743       3.297160563176e-01 
 1744       3.284193606811e-01 
 1745       3.271385202775e-01 
 1746       3.258736324732e-01 
 1747       3.246247948657e-01 
 1748       3.233921052838e-01 
 1749       3.221756617878e-01 
 1750       3.209755626698e-01 
 1751       3.197919064537e-01 
 1752       3.186247918959e-01 
 1753       3.174743179848e-01 
 1754       3.163405839419e-01 
 1755       3.152236892211e-01 
 1756       3.141237335096e-01 
 1757       3.130408167280e-01 
 1758       3.119750390301e-01 
 1759       3.109265008037e-01 
 1760       3.098953026703e-01 
 1761       3.088815454860e-01 
 1762       3.078853303408e-01 
 1763       3.069067585596e-01 
 1764       3.059459317021e-01 
 1765       3.050029515630e-01 
 1766       3.040779201724e-01 
 1767       3.031709397957e-01 
 1768       3.022821129342e-01 
 1769       3.014115423251e-01 
 1770       3.005593309417e-01 
 1771       2.997255819936e-01 
 1772       2.989103989274e-01 
 1773       2.981138854260e-01 
 1774       2.973361454096e-01 
 1775       2.965772502318e-01 
 1776       2.958371399715e-01 
 1777       2.951157213277e-01 
 1778       2.944129003484e-01 
 1779       2.937285824297e-01 
 1780       2.930626723147e-01 
 1781       2.924150740925e-01 
 1782       2.917856911974e-01 
 1783       2.911744264072e-01 
 1784       2.905811818430e-01 
 1785       2.900058589676e-01 
 1786       2.894483585847e-01 
 1787       2.889085808380e-01 
 1788       2.883864252097e-01 
 1789       2.878817905200e-01 
 1790       2.873945749259e-01 
 1791       2.869246759198e-01 
 1792       2.864719903292e-01 
 1793       2.860364143150e-01 
 1794       2.856178433709e-01 
 1795       2.852161723220e-01 
 1796       2.848312953242e-01 
 1797       2.844631058629e-01 
 1798       2.841114967520e-01 
 1799       2.837763601329e-01 
 1800       2.834575874734e-01 
 1801       2.831550695670e-01 
 1802       2.828686965312e-01 
 1803       2.825983578074e-01 
 1804       2.823439421589e-01 
 1805       2.821053376706e-01 
 1806       2.818824317477e-01 
 1807       2.816751111145e-01 
 1808       2.814832618137e-01 
 1809       2.813067692052e-01 
 1810       2.811455179651e-01 
 1811       2.809993920847e-01 
 1812       2.808682748693e-01 
 1813       2.807520489374e-01 
 1814       2.806505803138e-01 
 1815       2.805636705711e-01 
 1816       2.804911042998e-01 
 1817       2.804326649780e-01 
 1818       2.803881349692e-01 
 1819       2.803572955214e-01 
 1820       2.803399267646e-01 
 1821       2.803358077100e-01 
 1822       2.803447162481e-01 
 1823       2.803664291469e-01 
 1824       2.804007220504e-01 
 1825       2.804473694772e-01 
 1826       2.805061448188e-01 
 1827       2.805768203378e-01 
 1828       2.806591671664e-01 
 1829       2.807529553049e-01 
 1830       2.808579536199e-01 
 1831       2.809739298430e-01 
 1832       2.811006505688e-01 
 1833       2.812378812537e-01 
 1834       2.813853862138e-01 
 1835       2.815429286237e-01 
 1836       2.817102705149e-01 
 1837       2.818871727739e-01 
 1838       2.820733951407e-01 
 1839       2.822686962075e-01 
 1840       2.824728334164e-01 
 1841       2.826855630588e-01 
 1842       2.829066402727e-01 
 1843       2.831358190419e-01 
 1844       2.833728521939e-01 
 1845       2.836174913988e-01 
 1846       2.838694871671e-01 
 1847       2.841285888486e-01 
 1848       2.843945446303e-01 
 1849       2.846671015353e-01 
 1850       2.849460054210e-01 
 1851       2.852310009771e-01 
 1852       2.855218317248e-01 
 1853       2.858182448031e-01 
 1854       2.861200053753e-01 
 1855       2.864268823331e-01 
 1856       2.867386435173e-01 
 1857       2.870550557161e-01 
 1858       2.873758846639e-01 
 1859       2.877008950393e-01 
 1860       2.880298504643e-01 
 1861       2.883625135025e-01 
 1862       2.886986456579e-01 
 1863       2.890380073730e-01 
 1864       2.893803580280e-01 
 1865       2.897254559388e-01 
 1866       2.900730583560e-01 
 1867       2.904229214631e-01 
 1868       2.907748003751e-01 
 1869       2.911284491375e-01 
 1870       2.914836207242e-01 
 1871       2.918400670367e-01 
 1872       2.921975389020e-01 
 1873       2.925557860717e-01 
 1874       2.929145572206e-01 
 1875       2.932735999445e-01 
 1876       2.936326607597e-01 
 1877       2.939914851010e-01 
 1878       2.943498173205e-01 
 1879       2.947074006859e-01 
 1880       2.950639773793e-01 
 1881       2.954192884959e-01 
 1882       2.957730740419e-01 
 1883       2.961250729340e-01 
 1884       2.964750229970e-01 
 1885       2.968226609633e-01 
 1886       2.971677224705e-01 
 1887       2.975099420608e-01 
 1888       2.978490531791e-01 
 1889       2.981847881716e-01 
 1890       2.985168782845e-01 
 1891       2.988450536625e-01 
 1892       2.991690629213e-01 
 1893       2.994887320342e-01 
 1894       2.998039058982e-01 
 1895       3.001144288005e-01 
 1896       3.004201444178e-01 
 1897       3.007208958155e-01 
 1898       3.010165254467e-01 
 1899       3.013068751519e-01 
 1900       3.015917861576e-01 
 1901       3.018710990760e-01 
 1902       3.021446539041e-01 
 1903       3.024122900226e-01 
 1904       3.026738461957e-01 
 1905       3.029291605697e-01 
 1906       3.031780706728e-01 
 1907       3.034204134137e-01 
 1908       3.036560250814e-01 
 1909       3.038847413441e-01 
 1910       3.041063972482e-01 
 1911       3.043208272182e-01 
 1912       3.045278650552e-01 
 1913       3.047273439365e-01 
 1914       3.049190964149e-01 
 1915       3.051029544173e-01 
 1916       3.052787492449e-01 
 1917       3.054463115716e-01 
 1918       3.056054714434e-01 
 1919       3.057560582778e-01 
 1920       3.058979008631e-01 
 1921       3.060308273572e-01 
 1922       3.061546652872e-01 
 1923       3.062692415483e-01 
 1924       3.063743824033e-01 
 1925       3.064699134818e-01 
 1926       3.065556597791e-01 
 1927       3.066314456558e-01 
 1928       3.066970948368e-01 
 1929       3.067524304105e-01 
 1930       3.067972748282e-01 
 1931       3.068314748059e-01 
 1932       3.068549762387e-01 
 1933       3.068677498526e-01 
 1934       3.068697663535e-01 
 1935       3.068609964272e-01 
 1936       3.068414107390e-01 
 1937       3.068109799345e-01 
 1938       3.067696746387e-01 
 1939       3.067174654567e-01 
 1940       3.066543229735e-01 
 1941       3.065802177539e-01 
 1942       3.064951203427e-01 
 1943       3.063990012645e-01 
 1944       3.062918310242e-01 
 1945       3.061735801062e-01 
 1946       3.060442189752e-01 
 1947       3.059037180759e-01 
 1948       3.057520478327e-01 
 1949       3.055891786505e-01 
 1950       3.054150809139e-01 
 1951       3.052297249877e-01 
 1952       3.050330812168e-01 
 1953       3.048251199261e-01 
 1954       3.046058114208e-01 
 1955       3.043751259861e-01 
 1956       3.041330338873e-01 
 1957       3.038795053700e-01 
 1958       3.036145106599e-01 
 1959       3.033380199629e-01 
 1960       3.030500034652e-01 
 1961       3.027504313332e-01 
 1962       3.024392737134e-01 
 1963       3.021165007329e-01 
 1964       3.017820824986e-01 
 1965       3.014359890982e-01 
 1966       3.010781905994e-01 
 1967       3.007086570504e-01 
 1968       3.003273584796e-01 
 1969       2.999342648958e-01 
 1970       2.995293657147e-01 
 1971       2.991127281954e-01 
 1972       2.986844394381e-01 
 1973       2.982445869976e-01 
 1974       2.977932588838e-01 
 1975       2.973305435626e-01 
 1976       2.968565299561e-01 
 1977       2.963713074439e-01 
 1978       2.958749658628e-01 
 1979       2.953675955083e-01 
 1980       2.948492871346e-01 
 1981       2.943201319555e-01 
 1982       2.937802216450e-01 
 1983       2.932296483378e-01 
 1984       2.926685046301e-01 
 1985       2.920968835799e-01 
 1986       2.915148787081e-01 
 1987       2.909225839987e-01 
 1988       2.903200938994e-01 
 1989       2.897075033227e-01 
 1990       2.890849076460e-01 
 1991       2.884524027125e-01 
 1992       2.878100848315e-01 
 1993       2.871580507796e-01 
 1994       2.864963978006e-01 
 1995       2.858252236068e-01 
 1996       2.851446263791e-01 
 1997       2.844547047679e-01 
 1998       2.837555578935e-01 
 1999       2.830472853469e-01 
 2000       2.823299871906e-01 
 2001       2.816037639585e-01 
 2002       2.808687166575e-01 
 2003       2.801249467672e-01 
 2004       2.793725562413e-01 
 2005       2.786116475075e-01 
 2006       2.778423234687e-01 
 2007       2.770646875033e-01 
 2008       2.762788434659e-01 
 2009       2.754849038343e-01 
 2010       2.746830142140e-01 
 2011       2.738733290134e-01 
 2012       2.730560033149e-01 
 2013       2.722311928749e-01 
 2014       2.713990541255e-01 
 2015       2.705597441748e-01 
 2016       2.697134208082e-01 
 2017       2.688602424889e-01 
 2018       2.680003683589e-01 
 2019       2.671339582398e-01 
 2020       2.662611726340e-01 
 2021       2.653821727248e-01 
 2022       2.644971203781e-01 
 2023       2.636061781429e-01 
 2024       2.627095092518e-01 
 2025       2.618072776226e-01 
 2026       2.608996478585e-01 
 2027       2.599867852494e-01 
 2028       2.590688557725e-01 
 2029       2.581460260932e-01 
 2030       2.572184635661e-01 
 2031       2.562863362358e-01 
 2032       2.553498128376e-01 
 2033       2.544090627984e-01 
 2034       2.534642562380e-01 
 2035       2.525155639691e-01 
 2036       2.515631574992e-01 
 2037       2.506072090304e-01 
 2038       2.496478914611e-01 
 2039       2.486853783864e-01 
 2040       2.477198440993e-01 
 2041       2.467514635910e-01 
 2042       2.457804125524e-01 
 2043       2.448068673746e-01 
 2044       2.438310051497e-01 
 2045       2.428530036720e-01 
 2046       2.418730414385e-01 
 2047       2.408912976499e-01 
 2048       2.399079470790e-01 
 2049       2.389231446338e-01 
 2050       2.379370406857e-01 
 2051       2.369497861926e-01 
 2052       2.359615327001e-01 
 2053       2.349724323414e-01 
 2054       2.339826378389e-01 
 2055       2.329923025043e-01 
 2056       2.320015802394e-01 
 2057       2.310106255372e-01 
 2058       2.300195934822e-01 
 2059       2.290286397510e-01 
 2060       2.280379206136e-01 
 2061       2.270475929337e-01 
 2062       2.260578141692e-01 
 2063       2.250687423736e-01 
 2064       2.240805361961e-01 
 2065       2.230933548823e-01 
 2066       2.221073582756e-01 
 2067       2.211227068170e-01 
 2068       2.201395615465e-01 
 2069       2.191580841036e-01 
 2070       2.181784367277e-01 
 2071       2.172007822593e-01 
 2072       2.162252841405e-01 
 2073       2.152521064156e-01 
 2074       2.142814137322e-01 
 2075       2.133133713412e-01 
 2076       2.123481450982e-01 
 2077       2.113859014641e-01 
 2078       2.104268075055e-01 
 2079       2.094710308954e-01 
 2080       2.085187399145e-01 
 2081       2.075701034513e-01 
 2082       2.066252910029e-01 
 2083       2.056844726761e-01 
 2084       2.047478191876e-01 
 2085       2.038155018652e-01 
 2086       2.028876926481e-01 
 2087       2.019645503540e-01 
 2088       2.010461793732e-01 
 2089       2.001326706863e-01 
 2090       1.992241155718e-01 
 2091       1.983206056064e-01 
 2092       1.974222326659e-01 
 2093       1.965290889248e-01 
 2094       1.956412668571e-01 
 2095       1.947588592363e-01 
 2096       1.938819591362e-01 
 2097       1.930106599308e-01 
 2098       1.921450552947e-01 
 2099       1.912852392037e-01 
 2100       1.904313059350e-01 
 2101       1.895833500673e-01 
 2102       1.887414664815e-01 
 2103       1.879057503606e-01 
 2104       1.870762971907e-01 
 2105       1.862532027606e-01 
 2106       1.854365631627e-01 
 2107       1.846264747928e-01 
 2108       1.838230343511e-01 
 2109       1.830263388418e-01 
 2110       1.822364855741e-01 
 2111       1.814535721621e-01 
 2112       1.806776965252e-01 
 2113       1.799089568887e-01 
 2114       1.791474517838e-01 
 2115       1.783932800481e-01 
 2116       1.776465408259e-01 
 2117       1.769073335685e-01 
 2118       1.761757580347e-01 
 2119       1.754519142908e-01 
 2120       1.747359027114e-01 
 2121       1.740278239792e-01 
 2122       1.733277790859e-01 
 2123       1.726358693320e-01 
 2124       1.719521963275e-01 
 2125       1.712768619921e-01 
 2126       1.706099521629e-01 
 2127       1.699514872937e-01 
 2128       1.693014714169e-01 
 2129       1.686599085054e-01 
 2130       1.680268024721e-01 
 2131       1.674021571702e-01 
 2132       1.667859763928e-01 
 2133       1.661782638731e-01 
 2134       1.655790232839e-01 
 2135       1.649882582379e-01 
 2136       1.644059722875e-01 
 2137       1.638321689244e-01 
 2138       1.632668515798e-01 
 2139       1.627100236244e-01 
 2140       1.621616883678e-01 
 2141       1.616218490590e-01 
 2142       1.610905088860e-01 
 2143       1.605676709755e-01 
 2144       1.600533383932e-01 
 2145       1.595475141435e-01 
 2146       1.590502011694e-01 
 2147       1.585614023524e-01 
 2148       1.580811205124e-01 
 2149       1.576093584077e-01 
 2150       1.571461187348e-01 
 2151       1.566914041281e-01 
 2152       1.562452171603e-01 
 2153       1.558075603418e-01 
 2154       1.553784361210e-01 
 2155       1.549578468838e-01 
 2156       1.545457949540e-01 
 2157       1.541422825925e-01 
 2158       1.537473119979e-01 
 2159       1.533608853060e-01 
 2160       1.529830045899e-01 
 2161       1.526136718597e-01 
 2162       1.522528890625e-01 
 2163       1.519006580824e-01 
 2164       1.515569807402e-01 
 2165       1.512218467639e-01 
 2166       1.508951976109e-01 
 2167       1.505769624011e-01 
 2168       1.502670699236e-01 
 2169       1.499654486362e-01 
 2170       1.496720266654e-01 
 2171       1.493867318054e-01 
 2172       1.491094915184e-01 
 2173       1.488402329335e-01 
 2174       1.485788828469e-01 
 2175       1.483253677209e-01 
 2176       1.480796136839e-01 
 2177       1.478415465299e-01 
 2178       1.476110917182e-01 
 2179       1.473881743726e-01 
 2180       1.471727192815e-01 
 2181       1.469646508971e-01 
 2182       1.467638933350e-01 
 2183       1.465703703743e-01 
 2184       1.463840054566e-01 
 2185       1.462047216857e-01 
 2186       1.460324418274e-01 
 2187       1.458670883092e-01 
 2188       1.457085832193e-01 
 2189       1.455568483069e-01 
 2190       1.454118049812e-01 
 2191       1.452733743116e-01 
 2192       1.451414770265e-01 
 2193       1.450160335137e-01 
 2194       1.448969638195e-01 
 2195       1.447841876484e-01 
 2196       1.446776243627e-01 
 2197       1.445771929822e-01 
 2198       1.444828121837e-01 
 2199       1.443944003004e-01 
 2200       1.443118753218e-01 
 2201       1.442351548932e-01 
 2202       1.441641563153e-01 
 2203       1.440987965436e-01 
 2204       1.440389883754e-01 
 2205       1.439846289830e-01 
 2206       1.439356113036e-01 
 2207       1.438918278445e-01 
 2208       1.438531706825e-01 
 2209       1.438195314636e-01 
 2210       1.437908014026e-01 
 2211       1.437668712822e-01 
 2212       1.437476314529e-01 
 2213       1.437329718323e-01 
 2214       1.437227819045e-01 
 2215       1.437169507198e-01 
 2216       1.437153668942e-01 
 2217       1.437179186086e-01 
 2218       1.437244936089e-01 
 2219       1.437349792047e-01 
 2220       1.437492622694e-01 
 2221       1.437672292395e-01 
 2222       1.437887661141e-01 
 2223       1.438137584543e-01 
 2224       1.438420913829e-01 
 2225       1.438736495838e-01 
 2226       1.439083173015e-01 
 2227       1.439459783404e-01 
 2228       1.439865160648e-01 
 2229       1.440298133977e-01 
 2230       1.440757528211e-01 
 2231       1.441242163747e-01 
 2232       1.441750856559e-01 
 2233       1.442282418194e-01 
 2234       1.442835655761e-01 
 2235       1.443409371932e-01 
 2236       1.444002364933e-01 
 2237       1.444613428542e-01 
 2238       1.445241352082e-01 
 2239       1.445884920416e-01 
 2240       1.446542913944e-01 
 2241       1.447214108595e-01 
 2242       1.447897275823e-01 
 2243       1.448591230344e-01 
 2244       1.449294973687e-01 
 2245       1.450007551570e-01 
 2246       1.450728006238e-01 
 2247       1.451455376462e-01 
 2248       1.452188697533e-01 
 2249       1.452927001258e-01 
 2250       1.453669315959e-01 
 2251       1.454414666464e-01 
 2252       1.455162074111e-01 
 2253       1.455910556733e-01 
 2254       1.456659128666e-01 
 2255       1.457406800737e-01 
 2256       1.458152580262e-01 
 2257       1.458895471044e-01 
 2258       1.459634473368e-01 
 2259       1.460368583996e-01 
 2260       1.461096796164e-01 
 2261       1.461818099578e-01 
 2262       1.462531480412e-01 
 2263       1.463235921301e-01 
 2264       1.463930401338e-01 
 2265       1.464613896072e-01 
 2266       1.465285377502e-01 
 2267       1.465943814072e-01 
 2268       1.466588170673e-01 
 2269       1.467217408632e-01 
 2270       1.467830485711e-01 
 2271       1.468426356104e-01 
 2272       1.469003970433e-01 
 2273       1.469562275744e-01 
 2274       1.470100215499e-01 
 2275       1.470616729580e-01 
 2276       1.471110754278e-01 
 2277       1.471581222294e-01 
 2278       1.472027062730e-01 
 2279       1.472447201090e-01 
 2280       1.472840559276e-01 
 2281       1.473206055579e-01 
 2282       1.473542707142e-01 
 2283       1.473849938058e-01 
 2284       1.474127273238e-01 
 2285       1.474374236131e-01 
 2286       1.474590348717e-01 
 2287       1.474775131509e-01 
 2288       1.474928103551e-01 
 2289       1.475048782416e-01 
 2290       1.475136684205e-01 
 2291       1.475191323544e-01 
 2292       1.475212213584e-01 
 2293       1.475198866001e-01 
 2294       1.475150790989e-01 
 2295       1.475067497264e-01 
 2296       1.474948492061e-01 
 2297       1.474793281130e-01 
 2298       1.474601368738e-01 
 2299       1.474372257664e-01 
 2300       1.474105449202e-01 
 2301       1.473800443155e-01 
 2302       1.473456737835e-01 
 2303       1.473073830062e-01 
 2304       1.472651215163e-01 
 2305       1.472188386969e-01 
 2306       1.471684837813e-01 
 2307       1.471140058532e-01 
 2308       1.470553538461e-01 
 2309       1.469924765435e-01 
 2310       1.469253225785e-01 
 2311       1.468538404337e-01 
 2312       1.467779784412e-01 
 2313       1.466976847823e-01 
 2314       1.466129074874e-01 
 2315       1.465235944358e-01 
 2316       1.464296933557e-01 
 2317       1.463311518237e-01 
 2318       1.462279172650e-01 
 2319       1.461199369532e-01 
 2320       1.460071580099e-01 
 2321       1.458895382385e-01 
 2322       1.457670786993e-01 
 2323       1.456397913391e-01 
 2324       1.455076881772e-01 
 2325       1.453707813044e-01 
 2326       1.452290828840e-01 
 2327       1.450826051512e-01 
 2328       1.449313604137e-01 
 2329       1.447753610516e-01 
 2330       1.446146195172e-01 
 2331       1.444491483357e-01 
 2332       1.442789601046e-01 
 2333       1.441040674945e-01 
 2334       1.439244832486e-01 
 2335       1.437402201829e-01 
 2336       1.435512911867e-01 
 2337       1.433577092222e-01 
 2338       1.431594873247e-01 
 2339       1.429566386029e-01 
 2340       1.427491762389e-01 
 2341       1.425371134880e-01 
 2342       1.423204636792e-01 
 2343       1.420992402152e-01 
 2344       1.418734565721e-01 
 2345       1.416431263001e-01 
 2346       1.414082630231e-01 
 2347       1.411688804391e-01 
 2348       1.409249923199e-01 
 2349       1.406766125118e-01 
 2350       1.404237549350e-01 
 2351       1.401664335842e-01 
 2352       1.399046625284e-01 
 2353       1.396384559113e-01 
 2354       1.393678279510e-01 
 2355       1.390927929402e-01 
 2356       1.388133652466e-01 
 2357       1.385295593125e-01 
 2358       1.382413896554e-01 
 2359       1.379488708675e-01 
 2360       1.376520246248e-01 
 2361       1.373509007591e-01 
 2362       1.370455563167e-01 
 2363       1.367360485622e-01 
 2364       1.364224349783e-01 
 2365       1.361047732664e-01 
 2366       1.357831213467e-01 
 2367       1.354575373587e-01 
 2368       1.351280796610e-01 
 2369       1.347948068318e-01 
 2370       1.344577776691e-01 
 2371       1.341170511910e-01 
 2372       1.337726866359e-01 
 2373       1.334247434627e-01 
 2374       1.330732813510e-01 
 2375       1.327183602013e-01 
 2376       1.323600401357e-01 
 2377       1.319983814973e-01 
 2378       1.316334448514e-01 
 2379       1.312652909848e-01 
 2380       1.308939809068e-01 
 2381       1.305195758490e-01 
 2382       1.301421372658e-01 
 2383       1.297617268343e-01 
 2384       1.293784064548e-01 
 2385       1.289922382513e-01 
 2386       1.286032845710e-01 
 2387       1.282116079851e-01 
 2388       1.278172712891e-01 
 2389       1.274203375026e-01 
 2390       1.270208698699e-01 
 2391       1.266189318601e-01 
 2392       1.262145871673e-01 
 2393       1.258078997111e-01 
 2394       1.253989336363e-01 
 2395       1.249877533138e-01 
 2396       1.245744233404e-01 
 2397       1.241590085390e-01 
 2398       1.237415739594e-01 
 2399       1.233221857018e-01 
 2400       1.229009133960e-01 
 2401       1.224778277379e-01 
 2402       1.220529996676e-01 
 2403       1.216265003694e-01 
 2404       1.211984012721e-01 
 2405       1.207687740491e-01 
 2406       1.203376906190e-01 
 2407       1.199052231453e-01 
 2408       1.194714440374e-01 
 2409       1.190364259503e-01 
 2410       1.186002417849e-01 
 2411       1.181629646885e-01 
 2412       1.177246680550e-01 
 2413       1.172854255248e-01 
 2414       1.168453109857e-01 
 2415       1.164043985725e-01 
 2416       1.159627626677e-01 
 2417       1.155204779015e-01 
 2418       1.150776191525e-01 
 2419       1.146342615471e-01 
 2420       1.141904804606e-01 
 2421       1.137463515172e-01 
 2422       1.133019505900e-01 
 2423       1.128573538014e-01 
 2424       1.124126375237e-01 
 2425       1.119678783787e-01 
 2426       1.115231532386e-01 
 2427       1.110785392258e-01 
 2428       1.106341137134e-01 
 2429       1.101899543255e-01 
 2430       1.097461389369e-01 
 2431       1.093027456744e-01 
 2432       1.088598529160e-01 
 2433       1.084175392918e-01 
 2434       1.079758836841e-01 
 2435       1.075349652274e-01 
 2436       1.070948633091e-01 
 2437       1.066556575694e-01 
 2438       1.062174234731e-01 
 2439       1.057802189940e-01 
 2440       1.053440978510e-01 
 2441       1.049091139295e-01 
 2442       1.044753212820e-01 
 2443       1.040427741276e-01 
 2444       1.036115268527e-01 
 2445       1.031816340112e-01 
 2446       1.027531503241e-01 
 2447       1.023261306803e-01 
 2448       1.019006301364e-01 
 2449       1.014767039170e-01 
 2450       1.010544074149e-01 
 2451       1.006337961912e-01 
 2452       1.002149259752e-01 
 2453       9.979785266529e-02 
 2454       9.938263232831e-02 
 2455       9.896932120023e-02 
 2456       9.855797568612e-02 
 2457       9.814865236037e-02 
 2458       9.774140796684e-02 
 2459       9.733629941903e-02 
 2460       9.693338380024e-02 
 2461       9.653271836376e-02 
 2462       9.613436053300e-02 
 2463       9.573836790170e-02 
 2464       9.534479823405e-02 
 2465       9.495370946491e-02 
 2466       9.456515969992e-02 
 2467       9.417920721572e-02 
 2468       9.379591046007e-02 
 2469       9.341532805205e-02 
 2470       9.303751878221e-02 
 2471       9.266254161276e-02 
 2472       9.229045567769e-02 
 2473       9.192132028299e-02 
 2474       9.155519490679e-02 
 2475       9.119213919951e-02 
 2476       9.083221298406e-02 
 2477       9.047546881186e-02 
 2478       9.012192958241e-02 
 2479       8.977161079174e-02 
 2480       8.942452796458e-02 
 2481       8.908069665436e-02 
 2482       8.874013244324e-02 
 2483       8.840285094211e-02 
 2484       8.806886779065e-02 
 2485       8.773819865734e-02 
 2486       8.741085923945e-02 
 2487       8.708686526309e-02 
 2488       8.676623248325e-02 
 2489       8.644897668375e-02 
 2490       8.613511367736e-02 
 2491       8.582465930572e-02 
 2492       8.551762943946e-02 
 2493       8.521403997813e-02 
 2494       8.491390685029e-02 
 2495       8.461724601349e-02 
 2496       8.432407345432e-02 
 2497       8.403440518839e-02 
 2498       8.374825726042e-02 
 2499       8.346564574418e-02 
 2500       8.318658674258e-02 
 2501       8.291109638764e-02 
 2502       8.263919084055e-02 
 2503       8.237088629167e-02 
 2504       8.210619896055e-02 
 2505       8.184514509596e-02 
 2506       8.158774097593e-02 
 2507       8.133400290771e-02 
 2508       8.108394722787e-02 
 2509       8.083759030226e-02 
 2510       8.059494852606e-02 
 2511       8.035603832379e-02 
 2512       8.012087614936e-02 
 2513       7.988947848603e-02 
 2514       7.966186184650e-02 
 2515       7.943804277289e-02 
 2516       7.921803160889e-02 
 2517       7.900181377649e-02 
 2518       7.878936839033e-02 
 2519       7.858067447560e-02 
 2520       7.837571096791e-02 
 2521       7.817445671321e-02 
 2522       7.797689046770e-02 
 2523       7.778299089775e-02 
 2524       7.759273657975e-02 
 2525       7.740610600006e-02 
 2526       7.722307755490e-02 
 2527       7.704362955024e-02 
 2528       7.686774020173e-02 
 2529       7.669538763459e-02 
 2530       7.652654988349e-02 
 2531       7.636120489249e-02 
 2532       7.619933051494e-02 
 2533       7.604090451334e-02 
 2534       7.588590455931e-02 
 2535       7.573430823342e-02 
 2536       7.558609302518e-02 
 2537       7.544123633284e-02 
 2538       7.529971546339e-02 
 2539       7.516150763240e-02 
 2540       7.502658996396e-02 
 2541       7.489493949054e-02 
 2542       7.476653315296e-02 
 2543       7.464134780021e-02 
 2544       7.451936018944e-02 
 2545       7.440054698580e-02 
 2546       7.428488476236e-02 
 2547       7.417235000002e-02 
 2548       7.406291908742e-02 
 2549       7.395656832082e-02 
 2550       7.385327390404e-02 
 2551       7.375301194832e-02 
 2552       7.365575847224e-02 
 2553       7.356148940165e-02 
 2554       7.347018056953e-02 
 2555       7.338180384361e-02 
 2556       7.329631548510e-02 
 2557       7.321366772302e-02 
 2558       7.313381262034e-02 
 2559       7.305670207374e-02 
 2560       7.298228781351e-02 
 2561       7.291052140334e-02 
 2562       7.284135424017e-02 
 2563       7.277473755401e-02 
 2564       7.271062240778e-02 
 2565       7.264895969714e-02 
 2566       7.258970015033e-02 
 2567       7.253279432799e-02 
 2568       7.247819262299e-02 
 2569       7.242584526030e-02 
 2570       7.237570229675e-02 
 2571       7.232771362093e-02 
 2572       7.228182895298e-02 
 2573       7.223799784446e-02 
 2574       7.219616967814e-02 
 2575       7.215629366786e-02 
 2576       7.211831885836e-02 
 2577       7.208219412509e-02 
 2578       7.204786817407e-02 
 2579       7.201528954172e-02 
 2580       7.198440659466e-02 
 2581       7.195516752958e-02 
 2582       7.192752037306e-02 
 2583       7.190141298139e-02 
 2584       7.187679304041e-02 
 2585       7.185360806536e-02 
 2586       7.183180540068e-02 
 2587       7.181133221986e-02 
 2588       7.179213552527e-02 
 2589       7.177416214800e-02 
 2590       7.175735874768e-02 
 2591       7.174167181230e-02 
 2592       7.172704765809e-02 
 2593       7.171343242930e-02 
 2594       7.170080558685e-02 
 2595       7.168928058116e-02 
 2596       7.167900474731e-02 
 2597       7.167012586823e-02 
 2598       7.166279217523e-02 
 2599       7.165715234831e-02 
 2600       7.165335551668e-02 
