# r_arcsec(signed, + toward PA) n_spax v_kms v_err sigma_int_kms sigma_err
-2.0500 3.0000 -141.2989 6.6463 38.4835 19.5128
-1.7500 2.0000 -32.6088 9.6854 0.0000 426636.0427
-0.8500 1.0000 8.2745 57.8047 178.7163 62.0784
-0.6500 1.0000 -105.0527 74.8868 257.8322 66.5245
-0.5500 3.0000 -176.3976 9.3818 58.1534 12.5136
-0.4500 4.0000 -166.6147 6.4139 57.8293 8.6671
-0.3500 2.0000 -167.2260 9.5777 60.1508 13.0607
-0.2500 3.0000 -150.5817 8.1691 62.7445 12.6230
-0.1500 2.0000 -151.0116 11.5707 36.3467 20.8641
-0.0500 2.0000 -61.8359 18.4428 69.5873 23.1443
0.0500 2.0000 -71.6978 10.6028 69.0403 25.8262
0.1500 2.0000 -74.4963 8.9028 22.2082 32.6702
0.2500 3.0000 70.6721 13.4512 75.9310 18.0056
0.3500 2.0000 49.2795 19.0344 74.3910 24.1228
0.4500 1.0000 75.7044 23.9064 53.2830 32.0034
0.5500 2.0000 77.5534 12.2969 66.7081 27.8720
0.6500 2.0000 102.1942 9.7336 185.9059 48.7752
0.7500 2.0000 106.7395 7.5327 0.0000 276422.8849
0.8500 1.0000 92.9783 10.7023 0.0000 366584.7519
2.0500 1.0000 357.4868 11.4254 0.0000 403877.0215
2.1500 1.0000 461.1934 52.2887 250.6467 48.5807
