# lambda_A summed_flux noise
20360 0.0679162 0.0235939
20362.5 0.0361703 0.0180726
20365 0.0376562 0.01777
20367.5 0.0518367 0.0206693
20370 0.0531681 0.0206118
20372.5 0.0383629 0.0184436
20375 0.0187082 0.018838
20377.5 0.0461433 0.0194869
20380 0.0362287 0.0192107
20382.5 0.0453645 0.0173232
20385 0.0235514 0.0151079
20387.5 0.0497739 0.0168954
20390 0.0541077 0.0162132
20392.5 0.0470056 0.0177449
20395 0.0162501 0.0165557
20397.5 0.0440518 0.0142964
20400 0.0234298 0.0166274
20402.5 0.0271493 0.0165448
20405 0.0393743 0.0178114
20407.5 0.0604406 0.0210969
20410 0.0929163 0.0332458
20412.5 0.0232053 0.0351928
20415 -0.00870587 0.0336421
20417.5 0.0234931 0.0267397
20420 0.0255801 0.0192773
20422.5 0.00310499 0.0129442
20425 0.0143336 0.0131661
20427.5 0.0177216 0.013536
20430 0.00638681 0.0135011
20432.5 0.0309453 0.0126222
20435 0.0115837 0.0131664
20437.5 0.00838096 0.0151363
20440 0.0233087 0.0141434
20442.5 0.0249141 0.0141118
20445 0.02285 0.013907
20447.5 0.0234643 0.0123342
20450 0.00316719 0.0140065
20452.5 -0.0109268 0.0143533
20455 -0.00509228 0.0136248
20457.5 0.0165691 0.0129974
20460 0.010589 0.013618
20462.5 0.0410097 0.0122067
20465 0.0563981 0.0138744
20467.5 0.0384952 0.0120208
20470 0.024328 0.0171561
20472.5 0.0225811 0.0151042
20475 0.0156509 0.0136699
20477.5 0.0266129 0.0148498
20480 0.0145802 0.0151153
20482.5 0.0389237 0.0169186
20485 -0.0127552 0.0153475
20487.5 0.00531365 0.0149567
20490 0.025022 0.0141379
20492.5 -0.00591628 0.0174469
20495 0.00680117 0.0163835
20497.5 0.0144929 0.0198045
20500 0.00818336 0.0201728
20502.5 0.0303078 0.0197827
20505 0.0320683 0.0163744
20507.5 0.00224 0.0150957
20510 0.00693744 0.0128656
20512.5 0.0210142 0.0127663
20515 0.0166776 0.0152021
20517.5 0.00370926 0.0165126
20520 0.0059593 0.0122555
20522.5 0.0236073 0.013243
20525 0.0137202 0.0143149
20527.5 -0.0181279 0.0149138
20530 0.019956 0.0118602
20532.5 0.0193115 0.0146744
20535 0.0255322 0.0146736
20537.5 0.0329561 0.0129369
20540 0.0138053 0.0149087
20542.5 0.0184286 0.0122008
20545 0.0252465 0.0164927
20547.5 0.0238028 0.0146691
20550 0.00348282 0.0135859
20552.5 -0.00225556 0.0138057
20555 0.0177216 0.0150969
20557.5 0.0443455 0.0172578
20560 0.0126904 0.019575
20562.5 -0.00148347 0.0292263
20565 0.0095983 0.0305218
20567.5 -0.00726054 0.0251431
20570 0.00786853 0.0186645
20572.5 0.0247849 0.0169373
20575 0.010163 0.0157868
20577.5 0.0298443 0.0167215
20580 0.0223753 0.0153151
20582.5 0.00706767 0.0172844
20585 0.0143464 0.0133842
20587.5 0.028534 0.0144074
20590 0.0282672 0.0138494
20592.5 0.0151556 0.012359
20595 0.0174611 0.0140738
20597.5 0.0266404 0.0133095
20600 0.0177613 0.0138084
20602.5 0.0279095 0.0115187
20605 0.00562048 0.0122577
20607.5 0.0427593 0.01551
20610 0.0307414 0.0123616
20612.5 0.0130408 0.0130146
20615 0.0132737 0.013799
20617.5 0.0524932 0.0135931
20620 0.034566 0.0130579
20622.5 0.014537 0.0146477
20625 0.019632 0.0125084
20627.5 0.00043353 0.0154677
20630 0.00454464 0.0129071
20632.5 -0.00662157 0.0128719
20635 0.00727522 0.0145257
20637.5 0.0038633 0.014232
20640 0.0103253 0.0163347
20642.5 0.0426102 0.0167422
20645 0.0669633 0.0182708
20647.5 0.0298364 0.0168385
20650 0.0103829 0.0160277
20652.5 0.0166854 0.0162261
20655 0.012445 0.0144972
20657.5 0.0117298 0.0124764
20660 0.0238898 0.0147532
20662.5 0.0158864 0.015885
20665 0.0072876 0.012793
20667.5 0.00715274 0.0140675
20670 -0.00278694 0.0154035
20672.5 0.0117954 0.0131485
20675 -0.00236948 0.0140112
20677.5 -0.0103562 0.013704
20680 0.0235919 0.0144466
20682.5 0.0093102 0.0112431
20685 0.0222247 0.0125802
20687.5 0.00855149 0.0127369
20690 0.0200949 0.0119832
20692.5 0.00753498 0.0111989
20695 -0.00859036 0.0152741
20697.5 0.00333676 0.0136141
20700 0.0202774 0.012758
20702.5 0.0268525 0.0120307
20705 0.0280523 0.0137772
20707.5 0.0230782 0.0136581
20710 0.00401928 0.0152667
20712.5 0.0224748 0.0132458
20715 0.0139346 0.0124197
20717.5 0.0295095 0.0133302
20720 0.00508378 0.0123628
20722.5 -0.0053651 0.0137003
20725 0.0254234 0.0222868
20727.5 -0.00424204 0.0205204
20730 0.0102774 0.0215689
20732.5 0.0532109 0.0213448
20735 0.0367035 0.0170025
20737.5 0.0261177 0.0167857
20740 0.0238325 0.0140653
20742.5 0.0289436 0.0139004
20745 0.028641 0.0134025
20747.5 -4.90795e-06 0.0130863
20750 0.00364329 0.0127589
20752.5 0.00130266 0.0127667
20755 0.00359371 0.0130369
20757.5 0.00562228 0.0129599
20760 0.00915153 0.0148841
20762.5 0.0273263 0.0135773
20765 0.0159469 0.012338
20767.5 0.0062893 0.0119196
20770 0.0137202 0.0121048
20772.5 0.00999984 0.0110808
20775 0.0194768 0.0165083
20777.5 0.0133421 0.0153784
20780 0.0143978 0.0146539
20782.5 -0.00726951 0.0149297
20785 0.0281093 0.0131398
20787.5 -0.0075264 0.0133739
20790 0.00186479 0.0133734
20792.5 0.0163013 0.0138119
20795 0.0183986 0.0138977
20797.5 -0.00149311 0.013856
20800 0.0372099 0.0152173
20802.5 0.0338843 0.0134203
20805 0.00465214 0.0138287
20807.5 0.0171985 0.0155241
20810 0.00708471 0.0145187
20812.5 -0.0112434 0.0168217
20815 0.0161718 0.0131254
20817.5 0.00759104 0.0160741
20820 0.0472868 0.0130558
20822.5 0.0304627 0.0146779
20825 0.00100672 0.0168658
20827.5 0.0418387 0.0143719
20830 0.0634859 0.0151574
20832.5 0.0778246 0.0149575
20835 0.0781642 0.0125462
20837.5 0.125381 0.0147513
20840 0.116962 0.0166032
20842.5 0.0848922 0.0167202
20845 0.0864739 0.0127225
20847.5 0.0831563 0.0132323
20850 0.04274 0.0138907
20852.5 0.0493423 0.0127877
20855 0.0400459 0.01608
20857.5 0.0171889 0.0180419
20860 -0.0125561 0.0167873
20862.5 0.00310507 0.0157541
20865 0.0310102 0.0144336
20867.5 0.0107737 0.0154542
20870 0.0190278 0.0160604
20872.5 0.0392302 0.0117899
20875 0.038681 0.0135363
20877.5 -0.00183164 0.0143879
20880 -0.00881357 0.016961
20882.5 -0.0122518 0.0142057
20885 0.0291047 0.0154568
20887.5 -0.00238072 0.0150223
20890 -0.00763014 0.012496
20892.5 0.00206135 0.0137313
20895 0.0158687 0.0131837
20897.5 0.00772625 0.0143215
20900 0.0310606 0.0146056
20902.5 0.0192609 0.0142759
20905 0.0215299 0.0175207
20907.5 0.0800196 0.0184867
20910 0.0098947 0.0186424
20912.5 -0.00190829 0.0158418
20915 0.0262511 0.0173288
20917.5 0.00525189 0.0162038
20920 0.00722787 0.0149259
20922.5 0.0018724 0.0148823
20925 0.0069921 0.0137031
20927.5 -0.0011131 0.013792
20930 0.00630904 0.0152529
20932.5 0.0184285 0.0148013
20935 0.00355509 0.0163906
20937.5 0.0119077 0.0139156
20940 0.00795891 0.0156083
20942.5 0.00177356 0.0136667
20945 -0.0121679 0.0171519
20947.5 -0.00626203 0.0145299
20950 0.0188717 0.0142753
20952.5 0.00591935 0.0164379
20955 -0.00142706 0.0149625
20957.5 -0.00219051 0.015345
20960 0.0243646 0.0134894
20962.5 0.00986921 0.015196
20965 0.0104134 0.0161537
20967.5 0.00697901 0.015146
20970 0.035057 0.0140187
20972.5 -0.0100467 0.0122524
20975 0.00329771 0.015935
20977.5 0.0206133 0.0165494
20980 0.000982703 0.0161121
20982.5 0.0275963 0.0149572
20985 0.0328789 0.0151933
20987.5 0.00581376 0.0142064
20990 0.026859 0.0140753
20992.5 0.0271721 0.0145942
20995 -0.00908922 0.0140516
20997.5 0.0124078 0.0144445
21000 0.00980838 0.0135776
21002.5 0.0301992 0.0170325
21005 -0.0104245 0.0158311
21007.5 -0.0193679 0.0144506
21010 -0.00568256 0.0150068
21012.5 0.0206358 0.0148456
21015 0.00244234 0.0165859
21017.5 0.00502577 0.01655
21020 -0.000440103 0.0156825
21022.5 0.0179834 0.0164192
21025 0.00474115 0.017134
21027.5 0.00158273 0.0171724
21030 0.00136972 0.014325
21032.5 0.00543672 0.0176321
21035 0.0261365 0.0173682
21037.5 0.00172746 0.0175315
21040 0.0107916 0.0173132
21042.5 0.0345942 0.0165192
21045 0.0151823 0.0177203
21047.5 0.00764296 0.0146013
21050 0.0298549 0.0154838
21052.5 0.0147982 0.0148767
21055 0.0153709 0.0172901
21057.5 0.0140941 0.014956
21060 0.0118861 0.0154691
21062.5 -0.00203289 0.0173925
21065 0.00578777 0.0177748
21067.5 0.0200532 0.0190524
21070 0.00672172 0.0151496
21072.5 -0.017454 0.0143978
21075 0.00487804 0.0178356
21077.5 0.0194461 0.0155687
21080 0.0182256 0.0167649
21082.5 0.0311198 0.0158019
21085 0.00760848 0.0189436
21087.5 0.0434187 0.0148629
21090 0.0165158 0.0177808
21092.5 0.00436446 0.0147671
21095 0.000597927 0.0186146
21097.5 0.0312835 0.0176026
21100 0.00797468 0.016757
21102.5 -0.0119805 0.0216103
21105 -0.00551863 0.0153981
21107.5 0.0243165 0.0169806
21110 0.0147134 0.0166348
21112.5 0.0059679 0.0183156
21115 0.00843634 0.0204281
21117.5 -0.00427936 0.0198308
21120 0.0110406 0.0204591
21122.5 -0.0118129 0.0163891
21125 0.0067447 0.0167796
21127.5 0.0145386 0.0137116
21130 -0.0169781 0.014662
21132.5 -0.00423348 0.0156983
21135 0.0207544 0.0146951
21137.5 -0.0157168 0.013317
21140 -0.0074073 0.0157647
21142.5 -0.030078 0.0161377
21145 -0.0103249 0.0174485
21147.5 -0.00795447 0.0187299
21150 0.0332866 0.0183127
21152.5 0.0131888 0.0160364
21155 0.0451653 0.019546
21157.5 0.0292521 0.0156547
21160 -0.000227165 0.0165464
21162.5 0.000198054 0.0164425
21165 0.0157875 0.0161184
21167.5 0.0366206 0.0176134
21170 -0.0101329 0.0177858
21172.5 -0.0351656 0.0178534
21175 -0.0207134 0.0205621
21177.5 -0.00822336 0.0211926
21180 -0.0173225 0.0201243
21182.5 -0.00688152 0.0166708
21185 0.0170177 0.0178764
21187.5 -0.00614529 0.0195174
21190 0.0112866 0.0143649
21192.5 0.0281886 0.0159633
21195 -0.00788082 0.017524
21197.5 -0.0170417 0.018826
21200 -0.0242926 0.0156529
21202.5 -0.0180532 0.0171046
21205 -0.00169552 0.0140966
21207.5 0.00995458 0.0163927
21210 -0.0337414 0.0174847
21212.5 0.0124355 0.0160739
21215 0.0194032 0.0148677
21217.5 0.0129626 0.0154483
21220 -0.0049904 0.0175587
21222.5 0.000179345 0.0179927
21225 0.00476909 0.0168323
21227.5 0.00964527 0.0195233
21230 -0.00740907 0.0202142
21232.5 -0.000509162 0.0207201
21235 -0.00329961 0.022006
21237.5 -0.00242443 0.0207752
21240 0.0130349 0.0190119
21242.5 0.00497869 0.0193419
21245 0.0156748 0.0205906
21247.5 -0.00540014 0.0213483
21250 -0.0107274 0.0213391
21252.5 -0.00257718 0.026369
21255 0.0103085 0.0237576
21257.5 0.0188952 0.0191668
21260 0.0226574 0.0178353
21262.5 0.0230628 0.0201545
21265 0.00393331 0.0202693
21267.5 0.0148161 0.016308
21270 0.0339577 0.018947
21272.5 0.00376726 0.0208983
21275 -0.0121517 0.0183497
21277.5 0.0137048 0.0192822
21280 0.0116964 0.0198787
21282.5 -0.0278116 0.0181506
21285 -0.011704 0.0158068
21287.5 0.00780057 0.0193434
21290 -0.00377648 0.0182234
21292.5 -0.0181219 0.0192131
21295 -0.0217887 0.0188177
21297.5 0.0011822 0.022765
21300 -0.0233816 0.0176239
21302.5 -0.00374022 0.0205387
21305 0.0161186 0.0169019
21307.5 0.0114769 0.0152259
21310 0.0193305 0.0169727
21312.5 0.0131429 0.0161291
21315 0.0144 0.0172594
21317.5 -0.01942 0.0200565
21320 0.00573392 0.0169184
21322.5 0.0338107 0.0213042
21325 0.0131842 0.019856
21327.5 0.0203811 0.0229337
21330 0.0273865 0.0181373
21332.5 0.0281411 0.0200009
21335 -0.00203084 0.0192358
21337.5 0.0306986 0.018996
21340 0.0465872 0.016613
21342.5 0.0268636 0.0160784
21345 0.00990231 0.01753
21347.5 -0.0010723 0.0168194
21350 0.0062412 0.0166306
21352.5 -0.00448908 0.0178646
21355 0.0196328 0.0176318
21357.5 0.012809 0.017576
21360 -0.010742 0.0189962
21362.5 0.0129663 0.018134
21365 0.0318102 0.0185232
21367.5 0.00397168 0.0174885
21370 -0.017144 0.0154508
21372.5 -0.0277495 0.017589
21375 -0.00865024 0.0179404
21377.5 0.00648533 0.01706
21380 0.0147773 0.0173998
21382.5 -0.0271943 0.0172093
21385 -0.00254105 0.0162383
21387.5 0.0443415 0.0164088
21390 -0.00713147 0.0194753
21392.5 0.0337957 0.0183422
21395 0.0483982 0.0192522
21397.5 0.0428674 0.0210022
21400 0.035998 0.0258363
21402.5 0.0136332 0.0194311
21405 0.0189174 0.0202756
21407.5 0.0534893 0.0206008
21410 0.0257887 0.0200325
