# lambda_A summed_flux noise
22920 0.011566 0.0632649
22922.5 0.0344569 0.0507421
22925 0.0474037 0.0651863
22927.5 0.0563325 0.0595529
22930 0.164711 0.0545847
22932.5 0.106122 0.0514682
22935 0.0035881 0.0568836
22937.5 -0.0978695 0.0593507
22940 -0.0275045 0.0490424
22942.5 0.0878243 0.0457801
22945 -0.0382944 0.0434651
22947.5 -0.0545756 0.0488038
22950 -0.0259272 0.0446198
22952.5 0.035672 0.046749
22955 -0.00826532 0.045064
22957.5 0.117272 0.043894
22960 0.0702351 0.0469477
22962.5 0.0447737 0.0470472
22965 0.0568707 0.0405177
22967.5 0.0313891 0.0380812
22970 0.03584 0.0399072
22972.5 0.0164118 0.0393805
22975 0.00896127 0.0474683
22977.5 0.0835468 0.0415109
22980 0.0198688 0.0433286
22982.5 0.0360243 0.0447723
22985 -0.0473186 0.0430975
22987.5 0.0248198 0.0463779
22990 0.0361253 0.0446184
22992.5 0.0676979 0.037445
22995 0.101147 0.0389821
22997.5 0.105332 0.0413801
23000 0.0529978 0.0406297
23002.5 0.0338817 0.0388246
23005 0.0480306 0.0450164
23007.5 0.0729394 0.0427315
23010 0.0849102 0.043123
23012.5 0.0922279 0.0420532
23015 -7.34932e-05 0.0466204
23017.5 0.0207548 0.0465663
23020 0.0323965 0.0433512
23022.5 0.0236247 0.0458782
23025 0.0444224 0.0431976
23027.5 0.0707177 0.0506058
23030 0.0899679 0.0399983
23032.5 0.0195096 0.0448157
23035 0.0330585 0.0432835
23037.5 0.0505744 0.0445253
23040 0.10706 0.041238
23042.5 0.03646 0.0406112
23045 0.0822149 0.0376322
23047.5 0.082565 0.0360703
23050 0.0266965 0.039462
23052.5 -0.0299837 0.0425983
23055 0.0936171 0.0405623
23057.5 0.0808771 0.0397393
23060 0.0617127 0.0432977
23062.5 0.0536139 0.0376266
23065 0.0216475 0.0358547
23067.5 0.049391 0.0341047
23070 0.0329542 0.0426279
23072.5 0.024859 0.0524561
23075 -0.137011 0.0396586
23077.5 -0.0158499 0.0443838
23080 -0.00701352 0.0391909
23082.5 0.01811 0.0444863
23085 0.0610523 0.0432985
23087.5 0.0673985 0.0423467
23090 -0.0268816 0.0454817
23092.5 -0.00545716 0.0419134
23095 0.0423683 0.0330927
23097.5 -0.0120391 0.0358324
23100 0.0773286 0.0431265
23102.5 0.0358887 0.0428319
23105 0.0542061 0.0449649
23107.5 0.0795874 0.0431097
23110 0.0469737 0.0378418
23112.5 0.0482822 0.0388311
23115 0.0670429 0.0416442
23117.5 0.0142908 0.0378419
23120 0.0143544 0.0315991
23122.5 0.0177313 0.0432852
23125 0.0897359 0.0495733
23127.5 0.0829369 0.0439554
23130 0.0702419 0.0402754
23132.5 -0.0150705 0.038697
23135 0.0184431 0.0432587
23137.5 0.0326301 0.0363434
23140 0.080752 0.0494036
23142.5 0.0117212 0.0486334
23145 -0.323497 0.0415539
23147.5 -0.000776156 0.042129
23150 -0.00456853 0.0446022
23152.5 -0.0238463 0.0402989
23155 0.0146046 0.0365263
23157.5 -0.0268053 0.0377697
23160 0.0243786 0.0411961
23162.5 0.00902173 0.0447559
23165 0.00782456 0.0390767
23167.5 0.0271684 0.0452005
23170 -0.00358222 0.0454569
23172.5 0.00989062 0.0413594
23175 0.0372913 0.0388869
23177.5 0.0271045 0.041359
23180 0.0179533 0.0397232
23182.5 -0.0104186 0.0447495
23185 0.0121535 0.0389039
23187.5 -0.0351507 0.0422788
23190 0.000112759 0.0390444
23192.5 0.0308527 0.0409746
23195 0.0553457 0.0458705
23197.5 0.0169954 0.0484082
23200 -0.0332344 0.0386454
23202.5 0.0398376 0.04138
23205 0.0262271 0.0466384
23207.5 0.00677319 0.0413748
23210 0.0284675 0.0375219
23212.5 0.0102665 0.043395
23215 0.0285037 0.0414145
23217.5 0.147949 0.0473875
23220 0.193642 0.0477143
23222.5 0.081946 0.0415119
23225 0.0467119 0.0382433
23227.5 0.103831 0.0409285
23230 0.043101 0.0376308
23232.5 0.0776799 0.043776
23235 0.0877729 0.0403652
23237.5 0.249402 0.0393932
23240 0.133736 0.0428097
23242.5 0.043823 0.0381178
23245 -0.0328496 0.0465585
23247.5 0.0182149 0.0385111
23250 0.0464706 0.0491299
23252.5 0.127567 0.0445001
23255 0.107082 0.0432929
23257.5 0.0159183 0.0440891
23260 0.0147474 0.0435709
23262.5 0.0718228 0.041466
23265 0.0426903 0.0388465
23267.5 0.0528784 0.0395822
23270 0.0530458 0.0402635
23272.5 0.0462333 0.0363064
23275 -0.0221509 0.0411548
23277.5 0.0412359 0.0410343
23280 0.0703622 0.0433188
23282.5 0.0930749 0.0464375
23285 0.0203439 0.0500713
23287.5 0.0188411 0.0408823
23290 0.0804347 0.0405513
23292.5 0.0210482 0.0479626
23295 0.0511941 0.0350621
23297.5 0.0752888 0.0370052
23300 0.0270267 0.0424812
23302.5 0.0434357 0.0418136
23305 0.0267692 0.0424956
23307.5 -0.0361985 0.0327098
23310 -0.0384276 0.0421662
23312.5 -0.00604864 0.0353883
23315 -0.0521922 0.0347668
23317.5 0.0111017 0.0405877
23320 0.0192783 0.0398128
23322.5 -0.0498752 0.046496
23325 -0.119728 0.0375418
23327.5 -0.154007 0.0456215
23330 0.0418878 0.0439751
23332.5 0.0360618 0.0398006
23335 -0.00129577 0.0425924
23337.5 -0.000236567 0.0424109
23340 -0.00754013 0.0437489
23342.5 0.0104374 0.0413556
23345 0.0161105 0.0402793
23347.5 0.0164641 0.0365197
23350 0.00121908 0.0439623
23352.5 0.0141006 0.0394993
23355 -0.0316878 0.0424483
23357.5 0.127062 0.0394675
23360 0.0605518 0.0426843
23362.5 -0.0189158 0.040592
23365 0.0575076 0.0431924
23367.5 0.0490637 0.048255
23370 -0.0146655 0.0441508
23372.5 -0.0308493 0.0463571
23375 0.0261607 0.0474224
23377.5 0.0333665 0.0429501
23380 0.099786 0.0522231
23382.5 0.0142977 0.043009
23385 0.0349861 0.0477453
23387.5 0.00366541 0.0500479
23390 0.112689 0.0356139
23392.5 0.0593056 0.0440772
23395 0.137338 0.042397
23397.5 0.0633674 0.0394438
23400 0.137992 0.0424257
23402.5 0.109625 0.0401014
23405 0.0102711 0.0399269
23407.5 0.0388959 0.0392289
23410 -0.0274142 0.0428617
23412.5 0.0635131 0.0398513
23415 0.0173092 0.0398466
23417.5 0.00796139 0.0418153
23420 0.0283285 0.0412351
23422.5 0.0558037 0.0435925
23425 -0.00450871 0.043331
23427.5 0.0237433 0.0454546
23430 0.0410403 0.0488589
23432.5 -0.0167732 0.0411437
23435 0.0498488 0.0418722
23437.5 0.0679721 0.0433455
23440 -0.0517554 0.0401624
23442.5 -0.00108281 0.0421979
23445 -0.000604043 0.0396906
23447.5 0.0456402 0.0416525
23450 0.074473 0.0451216
23452.5 -0.0572811 0.0459945
23455 -0.0142741 0.0402289
23457.5 0.0136993 0.0438628
23460 0.0808929 0.0480447
23462.5 0.0292598 0.0449359
23465 0.0254585 0.0528957
23467.5 0.0581541 0.0497428
23470 0.00941596 0.0444575
23472.5 -0.0226696 0.0427079
23475 0.0188248 0.0420694
23477.5 0.00386364 0.048735
23480 0.0613582 0.0418398
23482.5 0.0593136 0.046378
23485 0.0499834 0.0466779
23487.5 0.095073 0.0387347
23490 0.0600235 0.0473639
23492.5 0.0419986 0.0430729
23495 0.054668 0.0422275
23497.5 0.072069 0.0448653
23500 0.135037 0.041992
23502.5 0.0573526 0.0425656
23505 0.0343565 0.0449868
23507.5 0.0503956 0.0478817
23510 0.0689385 0.0457458
23512.5 0.0984243 0.04289
23515 0.0345162 0.0484022
23517.5 0.0329889 0.0530717
23520 0.076662 0.0453236
23522.5 0.0216718 0.0434153
23525 -0.0283234 0.0469563
23527.5 -0.0287637 0.0505847
23530 -0.0133445 0.0442032
23532.5 0.0718227 0.0419458
23535 0.08462 0.0403275
23537.5 0.020467 0.0449259
23540 0.0397394 0.0540727
23542.5 -0.00936879 0.0433565
23545 0.0854783 0.0424966
23547.5 0.0694745 0.0444857
23550 0.0515896 0.0485017
23552.5 0.0246642 0.0453946
23555 -0.0202697 0.0495077
23557.5 -0.0655704 0.0469919
23560 -0.0811628 0.0532241
23562.5 0.0114912 0.0457459
23565 0.0500015 0.0418332
23567.5 0.0337699 0.0493364
23570 0.0646003 0.0466862
23572.5 0.0172508 0.0475357
23575 0.0507314 0.0431174
23577.5 -0.0136851 0.0465158
23580 -0.044567 0.0543675
23582.5 -0.0475182 0.0535933
23585 -0.0146402 0.045829
23587.5 0.0365129 0.0493097
23590 0.00793266 0.0450762
23592.5 0.0618866 0.0549832
23595 0.0178096 0.0424483
23597.5 0.0050761 0.0533859
23600 0.100544 0.047352
23602.5 0.102117 0.0507219
23605 -0.0330606 0.045224
23607.5 0.0175 0.0440006
23610 0.0198406 0.0476502
23612.5 0.0339187 0.0419367
23615 0.122174 0.0478523
23617.5 0.120161 0.0491728
23620 0.00792258 0.0628066
23622.5 0.0129936 0.0535147
23625 -0.102015 0.0454789
23627.5 0.0562349 0.0429215
23630 0.0664836 0.0462529
23632.5 0.0309946 0.0434853
23635 0.0261146 0.0522061
23637.5 0.0131713 0.0461842
23640 -0.104433 0.0496242
23642.5 -0.030191 0.0471399
23645 0.0299892 0.0498015
23647.5 0.0247657 0.0515868
23650 0.0357469 0.0523878
23652.5 0.0448171 0.0431495
23655 0.132878 0.0474059
23657.5 0.0915262 0.0451463
23660 0.06767 0.0466312
23662.5 0.0968247 0.0498271
23665 0.135324 0.0506337
23667.5 0.0851389 0.0481097
23670 0.107741 0.0503505
23672.5 0.0645409 0.0533213
23675 0.040917 0.0530469
23677.5 -0.135364 0.0515688
23680 -0.0630561 0.0527838
23682.5 0.0650419 0.0504774
23685 0.075034 0.0463793
23687.5 -0.00430276 0.0436869
23690 -0.0246493 0.0496506
23692.5 0.0166324 0.0503577
23695 -0.00431951 0.0538081
23697.5 -0.070891 0.0569208
23700 -0.0785415 0.0499006
23702.5 -0.0106024 0.0473342
23705 -0.0215519 0.0497281
23707.5 -0.0353961 0.0572746
23710 0.0362318 0.0589563
23712.5 -0.0746179 0.0477486
23715 0.00578991 0.0559862
23717.5 0.0413502 0.0527361
23720 -0.0471318 0.0626189
23722.5 -0.0541459 0.050919
23725 0.132964 0.0471698
23727.5 0.0570608 0.047845
23730 0.0492028 0.0524525
23732.5 -0.0247405 0.0610007
23735 -0.0276979 0.0530881
23737.5 -0.0614429 0.0482625
23740 0.0577396 0.0505164
23742.5 0.0657893 0.0505199
23745 0.139607 0.0538964
23747.5 0.0902254 0.0482159
23750 0.0256958 0.0525205
23752.5 0.00869068 0.0517628
23755 -0.0904539 0.0627462
23757.5 -0.0227688 0.0471312
23760 -0.0151937 0.0478372
23762.5 0.0296676 0.0590647
23765 -0.0081412 0.0602351
23767.5 0.0687857 0.0518418
23770 0.077656 0.0562621
23772.5 -0.0248379 0.0517012
23775 -0.0616911 0.052122
23777.5 -0.0218365 0.0535615
23780 0.060247 0.0565789
23782.5 -0.0391554 0.0598844
23785 0.0552969 0.04597
23787.5 -0.0615377 0.0457608
23790 -0.0334495 0.0555977
23792.5 0.000982299 0.05167
23795 0.0477689 0.057725
23797.5 0.0971909 0.0592179
23800 0.0682607 0.0540398
23802.5 0.0859091 0.0507947
23805 0.125222 0.055062
23807.5 0.0635702 0.0503668
23810 0.0115537 0.0524058
23812.5 0.0738224 0.046132
23815 0.0904155 0.0583163
23817.5 0.00997601 0.0499622
23820 0.12298 0.0538803
23822.5 0.0975206 0.045315
23825 -0.0824856 0.0501235
23827.5 -0.0941807 0.0534596
23830 -0.0746596 0.0533776
23832.5 0.0467667 0.0528061
23835 0.125473 0.0534723
23837.5 0.0492944 0.051788
23840 0.034075 0.0543224
23842.5 -0.0898924 0.056952
23845 0.00191908 0.0574635
23847.5 0.0872958 0.048247
23850 0.076545 0.0496314
23852.5 0.0261841 0.0564974
23855 0.0324844 0.0481186
23857.5 -0.0505273 0.0537269
23860 0.0377638 0.0565841
23862.5 0.0646555 0.0501313
23865 -0.000295716 0.0538181
23867.5 -0.050189 0.0506537
23870 0.0558737 0.0546876
23872.5 -0.00142665 0.0493398
23875 -0.071323 0.0538925
23877.5 0.0571154 0.0513217
23880 0.0950258 0.0539336
23882.5 0.0419318 0.0537932
23885 0.0684587 0.0500795
23887.5 0.029031 0.0445665
23890 -0.0221215 0.0556359
23892.5 0.0146979 0.0652993
23895 0.0267395 0.0537487
23897.5 0.0865577 0.0590594
23900 0.00156487 0.0562828
23902.5 0.0378478 0.0609245
23905 -0.0243294 0.0456156
23907.5 0.0291068 0.0518774
23910 0.119905 0.0552039
23912.5 0.0404433 0.063203
23915 0.0629084 0.0611786
23917.5 0.051237 0.0681808
23920 0.0807425 0.0564942
23922.5 0.0378457 0.050359
23925 -0.0410451 0.0521777
23927.5 0.00297637 0.0597183
23930 0.00277605 0.0584801
23932.5 -0.0164763 0.0521069
23935 -0.0633404 0.0561004
23937.5 0.0124296 0.0482425
23940 0.0129553 0.0511824
23942.5 -0.0123663 0.0594722
23945 0.0379221 0.0589236
23947.5 0.181713 0.0574037
23950 0.0931252 0.0688473
23952.5 0.0124751 0.0542193
23955 -0.00885669 0.0615896
23957.5 -0.0350927 0.0570675
23960 0.0846197 0.0467477
23962.5 -0.0165306 0.06765
23965 0.0202847 0.05683
23967.5 0.0448873 0.0546965
23970 0.00600465 0.0592491
23972.5 -0.00717373 0.0515994
23975 0.0497325 0.0493647
23977.5 0.0997102 0.0610285
23980 -0.0401664 0.0656755
23982.5 0.0774034 0.0608311
23985 -0.0266535 0.0593346
23987.5 -0.0540026 0.0654435
23990 0.0314339 0.0520447
23992.5 0.0730663 0.0564197
23995 0.00927552 0.0532876
23997.5 0.0306454 0.0642564
24000 0.00854596 0.0553557
24002.5 -0.0645493 0.0564675
24005 -0.0415625 0.0599117
24007.5 0.0783359 0.0624316
24010 0.0906779 0.0493395
24012.5 0.0946752 0.0555962
24015 0.0298407 0.0645003
24017.5 -0.0054262 0.0598006
24020 -0.0192213 0.0718742
24022.5 0.0166007 0.056289
24025 0.0156115 0.0573924
24027.5 0.0810585 0.0620117
24030 -0.0768592 0.0625095
24032.5 -0.0415106 0.0572105
24035 0.0209537 0.054765
24037.5 -0.129699 0.0572741
24040 -0.193176 0.0653249
24042.5 -0.148471 0.068122
24045 -0.0642403 0.070203
24047.5 0.112093 0.0645704
24050 0.13001 0.0556295
24052.5 0.085331 0.0603215
24055 0.0166636 0.0640584
24057.5 0.0174503 0.0572412
24060 -0.00473918 0.0520978
24062.5 0.0724307 0.0702238
24065 0.0535398 0.0710564
24067.5 0.00687727 0.0761289
24070 -0.0127603 0.0688455
24072.5 0.00435633 0.0692725
24075 0.0634539 0.0772431
24077.5 0.035053 0.068148
24080 0.118777 0.0680757
