# R_arcsec R_kpc Vproj_fold Vproj_err sigma_int sigma_err Vdeproj(i=42) Vdeproj_err
0.0500 0.4224 -4.9309 10.6367 69.3138 17.3396 -7.3691 15.8963
0.1500 1.2671 38.2577 7.2996 29.2775 19.3820 57.1752 10.9092
0.2500 2.1118 110.6269 7.8687 69.3377 10.9948 165.3293 11.7596
0.3500 2.9565 108.2527 10.6541 67.2709 13.7158 161.7812 15.9223
0.4500 3.8012 121.1596 12.3759 55.5561 16.5781 181.0702 18.4955
0.5500 4.6459 126.9755 7.7336 62.4308 15.2761 189.7619 11.5577
0.6500 5.4906 103.6234 37.7584 221.8690 41.2448 154.8628 56.4290
0.8500 7.1800 42.3519 29.3935 89.3582 183292.3786 63.2939 43.9279
2.0500 17.3165 249.3928 6.6089 19.2418 201938.5110 372.7117 9.8769
