# lambda_A summed_flux noise
20360 0.419886 0.0612145
20362.5 0.339081 0.0495634
20365 0.329315 0.0576574
20367.5 0.240648 0.046548
20370 0.149975 0.0420783
20372.5 0.287528 0.0498175
20375 0.18088 0.0449301
20377.5 0.193693 0.0484316
20380 0.224214 0.0487039
20382.5 0.288781 0.0456894
20385 0.210358 0.045587
20387.5 0.221327 0.0340327
20390 0.216174 0.0429186
20392.5 0.231256 0.04401
20395 0.158195 0.0355782
20397.5 0.273243 0.0427277
20400 0.183354 0.0384857
20402.5 0.148036 0.0423817
20405 0.169158 0.0396977
20407.5 0.190912 0.0610296
20410 0.263597 0.0844585
20412.5 0.156294 0.0957705
20415 0.0942751 0.0784346
20417.5 0.159801 0.0623274
20420 0.152208 0.0540135
20422.5 0.18988 0.0460001
20425 0.129117 0.0346766
20427.5 0.145815 0.0336181
20430 0.0992609 0.0331242
20432.5 0.141063 0.03506
20435 0.117107 0.0310002
20437.5 0.186745 0.0343095
20440 0.168362 0.0391336
20442.5 0.1169 0.0368731
20445 0.121646 0.0332555
20447.5 0.142878 0.0342159
20450 0.0943235 0.0352816
20452.5 0.0988225 0.037451
20455 0.140873 0.035297
20457.5 0.180852 0.0334606
20460 0.138093 0.0357039
20462.5 0.185769 0.0303174
20465 0.202115 0.0400149
20467.5 0.145656 0.0359615
20470 0.124663 0.0364383
20472.5 0.156668 0.0311018
20475 0.115889 0.0358014
20477.5 0.127507 0.0343389
20480 0.114618 0.0440881
20482.5 0.0978783 0.0522145
20485 0.127741 0.0425222
20487.5 0.104643 0.0413985
20490 0.130229 0.0393485
20492.5 0.102079 0.0433199
20495 0.134872 0.0467708
20497.5 0.0892213 0.0495022
20500 0.154561 0.0558029
20502.5 0.0994306 0.0460772
20505 0.183951 0.0389424
20507.5 0.165794 0.032469
20510 0.140424 0.0389858
20512.5 0.0676167 0.0304859
20515 0.0857885 0.033266
20517.5 0.110636 0.0335642
20520 0.142918 0.0316726
20522.5 0.166096 0.0353971
20525 0.119585 0.0381245
20527.5 0.106717 0.0328606
20530 0.157144 0.0331214
20532.5 0.100744 0.0358689
20535 0.0874623 0.0374661
20537.5 0.13538 0.0339353
20540 0.166238 0.0380083
20542.5 0.137297 0.0422639
20545 0.100067 0.0415686
20547.5 0.159956 0.0383823
20550 0.150018 0.037423
20552.5 0.112296 0.0377917
20555 0.0876625 0.0410393
20557.5 0.155031 0.0435158
20560 0.148214 0.0546603
20562.5 0.199926 0.0820516
20565 0.159449 0.0822566
20567.5 0.190718 0.0631176
20570 0.107395 0.0502392
20572.5 0.0728971 0.0449959
20575 0.103562 0.0365624
20577.5 0.0557012 0.0383832
20580 0.0881861 0.0353792
20582.5 0.175814 0.0392105
20585 0.107905 0.0340645
20587.5 0.08242 0.0302296
20590 0.100539 0.0326887
20592.5 0.0331613 0.0380284
20595 0.0888153 0.0363023
20597.5 0.121513 0.0347284
20600 0.121574 0.0372687
20602.5 0.126869 0.032917
20605 0.103345 0.0405665
20607.5 0.147753 0.0338523
20610 0.124599 0.0306323
20612.5 0.102052 0.0326391
20615 0.111441 0.0370126
20617.5 0.111947 0.0280991
20620 0.152673 0.0376597
20622.5 0.078933 0.0364447
20625 0.0674941 0.0302377
20627.5 0.0903916 0.0399454
20630 0.0290921 0.0376548
20632.5 0.0812923 0.0324483
20635 0.107282 0.0367429
20637.5 0.0494825 0.033119
20640 0.103983 0.0389189
20642.5 0.178987 0.0390222
20645 0.16018 0.0399415
20647.5 0.12236 0.041863
20650 0.0418133 0.0398946
20652.5 0.132657 0.0413042
20655 0.123966 0.0325452
20657.5 0.161757 0.0339428
20660 0.136425 0.0388226
20662.5 0.10861 0.037975
20665 0.069411 0.0336271
20667.5 0.106958 0.0348532
20670 0.0956731 0.0398651
20672.5 0.10635 0.0343358
20675 0.0844759 0.0326743
20677.5 0.15061 0.0325709
20680 0.194798 0.0331097
20682.5 0.125208 0.0336356
20685 0.113359 0.0373371
20687.5 0.108325 0.0303034
20690 0.0779025 0.0288941
20692.5 0.0669023 0.0357837
20695 0.0739324 0.0391293
20697.5 0.0860299 0.0362681
20700 0.159864 0.0313845
20702.5 0.12276 0.0349577
20705 0.116304 0.0382398
20707.5 0.106002 0.0297573
20710 0.143205 0.0364861
20712.5 0.10064 0.03352
20715 0.0773398 0.0382144
20717.5 0.0936501 0.0471199
20720 0.0744638 0.0400699
20722.5 0.0552222 0.0385399
20725 0.00848372 0.0461791
20727.5 0.00741213 0.0599133
20730 -0.0093456 0.0596679
20732.5 0.142149 0.049831
20735 0.197575 0.0412152
20737.5 0.106877 0.0318912
20740 0.101776 0.0381896
20742.5 0.123134 0.0364432
20745 0.112514 0.0422979
20747.5 0.116608 0.0352516
20750 0.020743 0.0366088
20752.5 0.0277093 0.0397902
20755 0.0984506 0.0339139
20757.5 0.0849179 0.0376574
20760 0.0614296 0.0380643
20762.5 0.111735 0.0331404
20765 0.0608992 0.0382218
20767.5 0.0243291 0.0322682
20770 0.0548889 0.0354307
20772.5 0.00916407 0.0367212
20775 0.114835 0.039962
20777.5 0.0718157 0.0346652
20780 0.037894 0.049544
20782.5 0.00359849 0.0475681
20785 0.115476 0.0395952
20787.5 -0.00432029 0.0377573
20790 0.079001 0.0397275
20792.5 0.0636991 0.0275726
20795 0.0397588 0.0384575
20797.5 0.0164217 0.0366287
20800 0.107078 0.0300442
20802.5 0.12662 0.0342763
20805 0.109337 0.0347984
20807.5 0.0715 0.036156
20810 0.0611674 0.0437178
20812.5 0.00678868 0.037254
20815 0.111592 0.0346092
20817.5 0.0628597 0.0352369
20820 0.12046 0.039286
20822.5 0.16111 0.0365485
20825 0.0677823 0.0349852
20827.5 0.231399 0.0369073
20830 0.29156 0.0388783
20832.5 0.292531 0.0374332
20835 0.322682 0.0340147
20837.5 0.321559 0.0405944
20840 0.412771 0.0397304
20842.5 0.328636 0.040096
20845 0.37579 0.0357162
20847.5 0.376913 0.0377018
20850 0.356831 0.0374303
20852.5 0.422586 0.0363383
20855 0.405636 0.0387656
20857.5 0.323068 0.0387414
20860 0.266966 0.042589
20862.5 0.187233 0.047151
20865 0.15618 0.0428052
20867.5 0.18515 0.0414385
20870 0.148298 0.0306599
20872.5 0.145124 0.0364789
20875 0.114865 0.0329593
20877.5 0.110905 0.0338619
20880 0.0944045 0.0413581
20882.5 0.0567107 0.0323541
20885 0.137224 0.0348651
20887.5 0.0913276 0.0379105
20890 0.125306 0.0372662
20892.5 0.0673396 0.0368549
20895 0.0503547 0.0347756
20897.5 0.00246379 0.037658
20900 0.0667167 0.0345457
20902.5 0.0879005 0.0383931
20905 0.194853 0.0353436
20907.5 0.311488 0.0444061
20910 0.141478 0.0495473
20912.5 0.0896822 0.0472972
20915 0.156731 0.0421469
20917.5 0.228815 0.0384714
20920 0.152175 0.0366101
20922.5 0.0926477 0.0312926
20925 0.0620789 0.0333065
20927.5 0.088535 0.0345002
20930 0.109253 0.0420535
20932.5 0.0609567 0.0327153
20935 0.0169077 0.0410611
20937.5 0.00247326 0.0338074
20940 0.0771764 0.0328782
20942.5 0.0524458 0.0393114
20945 0.00881067 0.0451237
20947.5 -0.0439761 0.0441925
20950 0.0869559 0.0397384
20952.5 0.123792 0.0342806
20955 0.0664897 0.0420466
20957.5 0.145986 0.0388389
20960 0.138724 0.035878
20962.5 0.0785774 0.0379519
20965 0.0674398 0.0363337
20967.5 0.0878146 0.0429707
20970 0.0922651 0.0400637
20972.5 0.0285046 0.0384554
20975 0.00512195 0.0393994
20977.5 0.0604713 0.041019
20980 0.0535254 0.0366505
20982.5 0.0578082 0.0371277
20985 0.116878 0.0460069
20987.5 0.112662 0.0401846
20990 0.0878517 0.0445618
20992.5 0.102158 0.0384085
20995 0.0828135 0.0408837
20997.5 0.0724745 0.0343622
21000 0.0113967 0.0388668
21002.5 0.0455085 0.039719
21005 0.0411514 0.0474844
21007.5 0.0655983 0.038016
21010 0.0165427 0.0377583
21012.5 0.0393956 0.0363121
21015 0.0570979 0.0391118
21017.5 0.114956 0.0397218
21020 0.176801 0.0421831
21022.5 0.187216 0.0397934
21025 0.169415 0.0340317
21027.5 0.0536445 0.0410036
21030 0.0964895 0.0409206
21032.5 0.0662371 0.0435036
21035 0.194083 0.0457853
21037.5 0.143035 0.0453028
21040 0.16318 0.0407589
21042.5 0.141311 0.0348463
21045 0.0674081 0.0390039
21047.5 0.106612 0.0471175
21050 0.147362 0.0397327
21052.5 0.0719518 0.0341999
21055 0.0660908 0.0399851
21057.5 0.0321876 0.0409102
21060 0.0619137 0.0445945
21062.5 0.0550931 0.045035
21065 0.119243 0.0442134
21067.5 0.119154 0.0487539
21070 0.133623 0.0499023
21072.5 0.0776448 0.0472455
21075 0.0174882 0.0395685
21077.5 0.0845066 0.0359163
21080 0.0685733 0.0404596
21082.5 0.0753749 0.0412019
21085 0.0453037 0.0375431
21087.5 0.0721573 0.0452015
21090 0.171368 0.0438148
21092.5 0.102236 0.0399438
21095 0.158477 0.0420411
21097.5 0.144913 0.048531
21100 -0.012364 0.0464371
21102.5 0.0238815 0.0389512
21105 -0.0267595 0.048807
21107.5 -0.0190954 0.0468868
21110 0.0658831 0.0468593
21112.5 0.03624 0.0456591
21115 0.0791569 0.049243
21117.5 0.104009 0.046516
21120 0.112097 0.0431641
21122.5 0.12669 0.0505067
21125 0.192632 0.0446979
21127.5 0.176817 0.0397064
21130 0.11185 0.0373397
21132.5 0.0820617 0.0420137
21135 0.112127 0.0380888
21137.5 0.051003 0.0438009
21140 0.0810499 0.0428097
21142.5 0.0591026 0.0379597
21145 0.0369534 0.0479938
21147.5 -0.0182925 0.0438272
21150 0.0951563 0.0440928
21152.5 0.0713523 0.0485978
21155 0.170721 0.0499916
21157.5 0.134094 0.0493118
21160 0.0920237 0.0430596
21162.5 0.0550227 0.0426384
21165 0.0674627 0.0376231
21167.5 0.0754754 0.0492133
21170 0.0615459 0.0411709
21172.5 0.0312175 0.0455727
21175 -0.0188754 0.0602398
21177.5 -0.0538094 0.0568754
21180 0.0694797 0.0549557
21182.5 -0.0641231 0.0431863
21185 0.0605612 0.0448484
21187.5 0.0853939 0.0425826
21190 0.132883 0.0458626
21192.5 0.0562774 0.0444935
21195 0.0912227 0.0528217
21197.5 0.115066 0.0468105
21200 0.017153 0.0424282
21202.5 -0.0527994 0.0439011
21205 0.0755119 0.0392086
21207.5 0.106892 0.0447574
21210 0.074599 0.0438115
21212.5 0.0442045 0.0473595
21215 0.0217658 0.0435366
21217.5 0.111964 0.0454551
21220 0.129058 0.0494709
21222.5 0.0475892 0.0461813
21225 0.0310475 0.0421647
21227.5 0.0856009 0.0452457
21230 -0.0288733 0.042953
21232.5 0.00507033 0.0523151
21235 -0.0146218 0.0606211
21237.5 -0.0433872 0.0482681
21240 0.0831824 0.0492779
21242.5 0.0901435 0.041606
21245 0.108322 0.0470299
21247.5 0.0994044 0.066738
21250 0.13462 0.0646389
21252.5 0.0630975 0.05344
21255 0.0923605 0.0505424
21257.5 0.118265 0.0541446
21260 0.00469876 0.0489178
21262.5 0.0456942 0.0452678
21265 0.0930525 0.0590408
21267.5 0.0859625 0.0436316
21270 0.174327 0.0420052
21272.5 0.0929986 0.0468602
21275 0.0807773 0.0492004
21277.5 0.0298287 0.0485369
21280 0.0901818 0.0458917
21282.5 -0.0272107 0.0505798
21285 0.148461 0.0397979
21287.5 0.111768 0.0497406
21290 0.0871771 0.0482466
21292.5 0.102977 0.0476828
21295 0.00291416 0.0473686
21297.5 0.107567 0.053919
21300 0.0548075 0.0436851
21302.5 0.00951565 0.0484621
21305 0.027054 0.0406303
21307.5 0.0696741 0.0434353
21310 0.111301 0.0553714
21312.5 0.0876667 0.0412866
21315 0.0876564 0.0521794
21317.5 0.110766 0.0504554
21320 0.119571 0.0459908
21322.5 0.0630894 0.0490306
21325 0.0815979 0.0579937
21327.5 0.160996 0.0530425
21330 0.0631238 0.0512093
21332.5 0.0499228 0.0444169
21335 -0.016754 0.0488932
21337.5 0.129938 0.0439368
21340 0.175919 0.0430943
21342.5 0.0993327 0.0425187
21345 0.0502342 0.0397345
21347.5 0.0666682 0.0441071
21350 0.0610199 0.0410063
21352.5 0.0511545 0.0492566
21355 0.101361 0.0420626
21357.5 0.151294 0.0411732
21360 0.0190292 0.0441613
21362.5 0.00145108 0.0448751
21365 0.155938 0.0451192
21367.5 0.142492 0.0502501
21370 0.0150878 0.0471168
21372.5 0.0345346 0.0449622
21375 0.055834 0.0483825
21377.5 -0.00329955 0.0439668
21380 0.0257109 0.0478797
21382.5 -0.0843587 0.0457339
21385 0.0135266 0.0410843
21387.5 0.107678 0.0430511
21390 0.0299303 0.049922
21392.5 0.0692654 0.0489392
21395 0.102031 0.055144
21397.5 0.117023 0.0526877
21400 0.0944713 0.0631168
21402.5 0.0803612 0.0546103
21405 0.117948 0.0424354
21407.5 0.0668424 0.0555294
21410 0.133067 0.0586841
