10-15W/m2
13.49
13.23
10.79
10.29
13.41
15.97
10.17
30.34
11.39
19.60
14.05
13.07
19.57
13.64
76.62
14.01
12.82
15.84
8.13
19.47
25.96
16.34
18.42
12.89
6.86
7.22
12.98
52.14
7.10
26.08
8.12
11.11
144.81
10.22
15.76
28.06
6.25
10.55
13.85
18.52
83.44
8.23
31.13
15.70
8.44
3.42
13.42
14.30
14.43
5.91
11.08
14.10
17.93
15.27
15.27
2.56
27.68
21.51
8.70
13.50
24.04
12.18
19.04
11.90
9.34
420.98
155.40
66.26
10.61
10.24
11.27
73.91
48.39
24.47
7.07
6.83
13.57
20.00
14.01
7.79
5.53
12.22
14.48
48.97
19.27
7.91
67.37
5.33
12.94
14.92
114.47
3.87
6.63
13.20
11.18
24.02
15.96
13.24
12.13
8.80
13.19
77.51
14.77
7.04
9.96
24.27
20.23
7.60
4.86
6.98
11.13
15.18
55.63
9.75
13.65
10.68
12.76
15.89
16.83
34.98
6.55
15.44
14.55
11.59
31.37
10.68
12.04
9.57
62.22
11.87
21.00
23.46
48.41
30.21
21.21
31.99
10.19
15.13
31.91
31.39
14.70
11.70
10.13
37.90
6.99
7.46
92.09
18.30
29.01
20.57
24.59
15.49
16.23
6.07
14.35
25.00
74.31
30.48
31.13
8.64
13.53
27.51
36.22
16.38
13.75
12.24
23.06
10.47
10.35
15.20
15.47
18.82
82.64
27.31
7.27
18.68
12.05
8.49
11.56
9.84
60.96
6.94
24.80
63.52
11.21
240.69
12.66
44.17
41.21
10.15
10.26
15.68
21.67
11.18
12.24
12.51
10.70
667.23
13.59
19.37
8.66
10.28
4.90
17.21
20.92
10.65
12.12
11.03
22.01
15.17
4.59
10.74
19.28
118.67
12.03
19.54
22.16
24.23
5.53
25.26
8.84
7.21
7.28
9.28
13.35
95.38
6.48
18.30
9.93
18.08
14.73
15.69
71.34
10.78
10.85
33.75
49.38
17.03
14.76
7.68
33.03
34.23
20.08
54.10
26.34
11.33
24.49
18.50
28.70
9.42
21.96
14.52
25.12
20.22
2.89
15.80
10.33
58.27
9.03
26.06
119.80
8.02
14.32
47.09
26.81
74.29
23.11
16.49
48.89
37.32
20.52
9.71
35.10
19.15
9.88
13.11
15.51
21.45
15.83
12.65
59.30
18.24
327.30
13.47
14.15
14.08
23342.70
16.32
12.25
6.54
15.98
21.98
31.91
1293.65
32.14
29.01
49.31
24.19
32.70
12.28
22.68
8.35
25.35
22.01
8.81
18.21
21.04
328.93
13.36
141.21
21.37
33.92
27.45
18.18
15.61
62.28
23.06
10.39
30.89
4.59
7.67
5.45
6.85
7.84
150.12
438.29
11.64
6.50
29.69
24.12
10.90
15.58
15.78
13.11
8.40
13.57
9.98
10.23
9.35
16.52
13.36
39.49
15.42
22.19
31.87
10.14
56.70
16.34
18.22
10.91
60.44
6.23
11.73
9.54
7.15
7.82
9.29
13.41
7.37
21.34
24.06
19.24
8.74
18.90
6.53
22.53
14.46
14.85
9.21
18.94
12.01
19.05
21.78
23.56
28.04
10.44
8.17
9.84
27.78
12.11
9.45
42.72
9.96
19.54
22.41
16.26
36.01
8.56
15.02
12.46
177.52
5.83
32.47
16.84
14.87
5.97
14.10
51.15
31.57
33.80
5.82
20.12
19.81
57.40
10.62
15.65
17.53
10.29
16.72
9.61
22.17
10.08
22.24
8.85
12.44
39.15
9.95
14.91
7.67
15.30
175.49
29.05
31.70
15.68
29.09
18.91
9.22
69.81
15.31
10.98
12.68
21.50
5.08
15.98
10.59
12.83
10.01
4018.59
14.85
21.46
28.82
12.36
13.15
21.90
15.65
18.59
29.09
11.52
36.84
10.02
19.11
92.71
46.38
18.79
35.66
14.10
8.10
60.95
11.92
18.03
13.96
8.50
10.65
9.29
20.03
10.69
7.13
12.52
6.11
13.55
32.65
209.62
22.82
14.79
16.51
14.92
20.26
4.83
7.00
81.89
10.36
15.69
5.82
36.74
7.37
18.06
9.21
18.02
29.66
266.51
21.24
23.50
13.62
5.67
3.86
21.08
112.47
11.32
12.94
7.85
31.47
81.21
16.55
13.19
8.58
28.24
24.88
9.77
20.92
11.61
10.88
12.77
14.80
7.80
15.14
14.85
21.35
27.35
33.05
18.38
6.41
12.08
10.85
10.38
9.86
10.80
141.00
7.54
6.02
112.42
6.80
12.40
10.45
15.50
9.82
18.08
5.90
14.98
91.29
1044.71
8.28
20.13
10.62
20.85
28.74
20.06
13.27
12.24
17.59
3.23
12.73
12.91
16.45
5.95
9.01
23.26
15.31
173.84
7.16
14.63
21.71
18.11
17.56
47.90
14.96
26.85
48.28
14.69
15.40
326.76
12.54
10.40
23.95
12.49
7.01
16.89
15.74
12.78
13.23
13.85
12.22
21.56
11.17
49.46
42.49
29.18
10.22
13.48
11.13
32.05
15.45
23.91
24.35
17.30
618.88
20.09
18.81
13.35
17.58
7.82
7.48
21.09
11.33
12.01
18.77
17.40
38.62
26.17
23.00
10.62
17.17
36.22
21.60
24.50
278.91
27.53
2834.56
36.82
421.57
8.41
5.39
15.95
12.22
14.08
94.22
184.54
9.10
12.11
90.68
35.33
88.30
7.78
4.63
21.11
8.55
44.90
13.59
25.52
15.11
67.48
9.35
26.26
15.13
15.84
38.82
63.10
47.46
11.44
529.05
37.76
16.79
30.86
20.16
26.54
282.11
13.72
30.85
19.10
54.42
24.71
13.52
11.57
12.48
6.12
6.26
16.21
17.94
16.69
18.29
30.98
1346.34
226.67
10.54
10.37
15.50
15.68
18.21
16.76
10.01
59.53
13.21
103.15
25.17
7.43
18.59
15.95
18.28
14.87
11.86
10.34
13.89
111.79
5.97
263.25
16.21
16.34
34.66
13.73
22.10
13.33
9.93
18.19
8.48
13.87
14.90
16.98
15.82
11.54
7.37
12.49
273.17
239.40
15.14
23.77
7.28
5.93
86.47
8.01
39.27
10.21
52.35
17.42
17.04
12.48
5.44
12.26
20.85
17.87
16.46
13.83
16.80
13.42
21.07
7.65
28.77
22.18
14.48
13.96
84.74
13.84
14.82
8.17
16.56
10.89
6.89
25.19
26.99
22.80
16.71
19.90
25.96
7.65
33.30
18.78
15.74
28.55
17.23
24.39
14.09
32.67
9.25
5.81
66.80
259.74
29.35
20.44
18.13
81.88
11.32
7.97
14.49
31.80
22.78
23.79
23.31
11.76
328.27
14.24
7.70
9.33
63.51
95.25
35.21
85.33
9.86
5.02
14.98
16.21
15.12
63.69
17.73
24.61
9.55
13.38
31.91
643.48
9.54
22.03
15.33
25.27
23.63
31.51
34.76
19.79
20618.10
45.95
12.13
15.54
14.98
10.38
42.97
78.53
15.39
7.11
9.77
13.15
9.52
462.16
312.16
552.65
303.17
23.76
23.57
26.53
71.02
488.01
54.00
11.29
20.71
861.47
73.95
15.45
32.71
49.31
22.48
20.83
19.46
22.41
13.81
31.40
69.00
13.22
71.58
53.53
24.75
43.23
61.56
969.61
71.51
30.39
1167.25
94.95
10.62
55.97
647.86
3661.16
7.77
1303.86
423.42
60.42
27.61
5.18
46.82
397.88
20.22
30.03
158.70
49.28
51.66
19.94
105.07
29.52
47.55
111.63
96.37
19.94
40.06
37.41
7.75
12.95
19.35
15.29
22.63
136.49
38.06
431.27
68.74
11.24
357.01
17.79
982.15
1225.43
14.11
16.19
29.20
119.04
2.13
17.63
229.70
10.81
518.61
17.97
88.72
23.30
41.54
5.71
11.66
15.53
8.28
1038.73
16.68
19.90
112.70
82.49
44.63
32.53
169.82
105.63
309.26
67.01
231.49
133.29
16.91
7.40
3.10
469.39
104.26
22.14
33.34
11.89
36.91
82.51
33.00
20.78
12.67
266.50
1781.90
18.49
17.04
46.01
18.98
20.96
15.31
1487.26
1420.71
714.86
84.45
42.36
13.60
15.42
12.89
36.80
52.56
82.09
23.98
34.65
40.69
379.07
674.61
22.11
1545.54
49.02
14.55
17.76
15.00
33.33
21.26
10.09
949.01
39.08
14.10
18.63
50.35
6.27
531.12
19.26
32.69
16.72
1686.69
15.23
11.56
74.49
87.26
82.33
178.46
13.88
68.65
106.86
13.08
293.15
25.29
106.80
50.26
102.87
36.51
34.51
61.55
9.07
48.62
3.79
8.92
11.16
79.14
8.71
21.08
33.83
10.77
140.77
9.56
128.46
9.06
210.97
33.45
19.61
16.87
23.58
11.72
526.21
57.76
20.35
10.56
12.30
166.19
260.95
159.69
141.89
16.86
54.24
4699.44
205.04
15.53
58.77
31.81
55.74
11.30
11.96
10.11
11.04
18.42
26.19
21.85
25.15
17.49
48.63
24.92
64.47
27.60
53.84
23.51
32.82
29.65
9.21
271.20
17234.20
13.62
28.07
145.23
29.03
44.75
24.69
14.39
11.82
19.69
51.52
6.03
10.83
14.52
12.60
8.28
10.55
18.18
28.74
26.22
14.80
9.69
15.03
75.09
14.86
12.87
784.45
2467.88
30.81
2.08
12.96
10.78
13.57
12.12
51.18
16.63
100.14
7.12
67.76
18.27
13.01
3.40
10.39
16.54
68.15
18.78
11.13
7.46
33.75
6.03
8.69
32.32
13.56
17.79
15.87
6.81
210.38
39.43
20.05
76.93
35.80
54.97
14.88
22.65
33.58
11.83
9.70
17.28
9.26
49.16
644.43
14.13
17.37
17.41
34.71
89.30
7.77
14.75
14.24
31.96
18.96
160.02
34.91
15.56
16.16
12.38
173.13
13.64
39.04
15.72
9.71
13.26
11.49
52.94
8.94
15.13
13.16
39.82
12.36
16.71
17.08
30.05
12.62
57.42
36.45
5.38
8.95
32.32
18.56
12.38
9.40
30.48
8.15
9.40
11.46
9.61
13.98
158.36
99.53
10.96
13.03
31.03
9.11
21.45
24.58
12.24
18.98
14.63
70.63
110.22
16.86
16.97
16.50
13.79
82.28
52.96
9.98
12.20
8.81
64.90
14.56
19.27
10.77
29.73
18.81
10.47
16.10
5.45
20.90
14.78
14.66
10.00
18.04
10.14
14.68
14.88
17.43
8.75
13.38
4.62
7.95
9.07
5.09
10.94
11.28
10.34
10.69
7.82
1.53
6.59
10.90
7.10
9.98
7.98
12.84
10.72
6.36
11.54
11.83
7.24
13.89
7.32
5.99
10.71
10.15
12.36
10.11
6.33
13.16
7.02
10.13
14.36
10.01
10.69
8.69
9.98
11.28
10.37
12.15
7.52
11.89
10.02
10.47
9.90
11.64
5.95
15.46
7.25
13.13
8.60
12.32
6.79
10.51
9.45
9.10
12.28
7.99
8.14
8.69
7.49
10.87
3.82
9.17
16.63
13.56
7.49
9.38
10.71
14.86
5.66
8.21
12.66
11.87
4.16
13.56
6.24
14.67
8.79
8.13
7.34
8.08
9.29
10.17
7.92
7.87
21.94
9.33
6.96
10.12
12.06
9.10
10.31
7.79
10.89
19.04
9.52
19.69
7.64
9.75
12.47
7.24
13.87
11.00
8.98
9.22
10.31
6.15
9.35
14.00
10.66
6.68
8.12
11.03
16.09
32.04
14.23
9.07
11.64
12.30
10.60
10.65
10.15
6.93
9.28
8.35
6.22
12.08
11.07
10.11
10.31
10.78
11.85
7.85
4.82
8.62
6.04
11.88
5.64
12.22
10.13
7.44
7.93
11.73
13.25
13.23
9.63
7.26
9.89
7.51
6.96
8.53
10.09
6.86
4.12
9.44
8.19
7.47
13.81
6.51
10.98
11.89
11.73
9.97
10.95
14.35
6.86
7.02
6.04
15.64
5.63
6.18
6.00
7.69
6.80
9.94
11.45
14.39
11.30
9.82
7.94
11.72
10.06
10.08
8.46
7.49
12.89
7.87
8.88
8.03
9.41
11.41
10.65
8.90
6.40
12.22
8.27
8.47
15.71
13.24
6.80
19.54
16.81
11.56
7.33
9.61
16.74
9.54
7.61
9.03
10.86
11.09
13.26
17.62
6.86
13.10
12.91
5.18
5.94
11.06
4.89
11.18
8.67
12.57
11.66
9.41
14.71
13.86
12.67
8.88
16.59
10.47
11.99
11.98
9.87
9.90
13.88
5.70
8.60
6.46
8.59
7.80
7.83
10.65
10.39
9.19
10.81
15.50
12.85
6.88
6.82
11.88
12.09
12.06
6.32
13.83
14.23
14.33
11.31
7.42
14.62
10.16
9.66
8.60
15.25
8.37
17.04
11.29
10.53
11.37
13.84
3.90
20.34
15.23
12.00
8.97
10.74
11.45
12.41
12.75
7.12
10.09
9.03
7.54
15.98
10.65
9.38
13.34
9.70
10.04
15.68
11.81
7.96
8.96
10.59
15.01
10.73
8.70
7.74
1.52
13.33
18.08
10.18
30.34
14.68
225.46
9.39
26.24
19.27
16.06
9.60
9.08
14.89
17.30
11.48
23.44
12.67
12.68
13.21
16.32
11.61
6.23
15.17
7.57
12.01
9.81
17.08
8.36
6.32
18.90
7.49
9.59
91.26
10.85
5.51
8.28
12.89
13.92
6.39
12.24
9.58
10.66
7.13
11.03
10.79
11.06
7.13
14.65
83.31
11.47
13.80
9.96
16.22
15.07
8.70
10.86
213.70
17.84
7.51
7.79
9.95
14.62
14.85
7.80
13.18
14.04
11.97
5.37
12.55
13.30
10.80
12.89
10.66
12.66
9.18
9.68
12.75
8.03
6.87
8.49
7.88
7.62
8.54
7.87
11.67
7.19
10.34
9.79
10.91
7.04
12.49
11.31
14.59
5.16
12.04
15.12
4.90
12.83
11.74
11.12
7.62
15.68
12.37
16.29
9.64
17.26
11.29
6.97
13.48
12.58
5.46
12.99
9.12
8.72
12.60
10.43
9.93
6.97
8.34
11.38
